Oscilloscope Trace Export		
Festo Didactic LVDAC-EMS 3.21		
		
		
		Ch1		Ch2		Ch3		Ch4		Ch5		Ch6		Ch7		Ch8		
Time 		E1		I1		AI8		AI7		Pm		P1		Off		Off		
(ms)		(V)		(A)		(r/min)		(N·m)		(W)		(W)		()		()		
0.000		4.8		-1.564		11.9		-0.0083		237.9		-7.5						
0.098		21.3		-1.520		11.9		-0.0098		237.8		-32.4						
0.195		40.4		-1.499		10.6		-0.0098		237.4		-60.6						
0.293		56.5		-1.464		9.3		-0.0098		237.1		-82.7						
0.391		73.9		-1.424		10.6		-0.0083		237.6		-105.2						
0.488		86.5		-1.386		10.6		-0.0083		237.6		-119.9						
0.586		107.8		-1.344		10.6		-0.0098		237.4		-144.9						
0.684		123.0		-1.310		9.3		-0.0098		237.1		-161.2						
0.781		138.3		-1.279		10.6		-0.0068		237.7		-176.8						
0.879		153.0		-1.233		13.1		-0.0083		238.2		-188.6						
0.977		166.5		-1.203		10.6		-0.0114		237.3		-200.4						
1.074		179.6		-1.161		8.0		-0.0098		236.7		-208.5						
1.172		193.5		-1.069		9.3		-0.0114		236.9		-206.8						
1.270		204.3		-1.075		-3.5		-0.0083		233.8		-219.7						
1.367		217.0		-1.054		9.3		-0.0098		237.1		-228.7						
1.465		228.3		-0.999		9.3		-0.0098		237.1		-228.1						
1.563		243.9		-0.966		9.3		-0.0083		237.2		-235.6						
1.660		255.2		-0.928		10.6		-0.0083		237.6		-236.9						
1.758		265.2		-0.880		9.3		-0.0098		237.1		-233.3						
1.855		274.3		-0.823		8.0		-0.0068		237.0		-225.8						
1.953		285.7		-0.785		11.9		-0.0052		238.2		-224.3						
2.051		297.8		-0.727		10.6		-0.0114		237.3		-216.4						
2.148		307.0		-0.674		8.0		-0.0098		236.7		-206.9						
2.246		317.8		-0.622		9.3		-0.0098		237.1		-197.5						
2.344		327.8		-0.577		6.8		-0.0098		236.4		-189.3						
2.441		335.2		-0.521		8.0		-0.0083		236.9		-174.6						
2.539		342.6		-0.462		8.0		-0.0098		236.7		-158.3						
2.637		357.0		-0.414		8.0		-0.0114		236.6		-147.7						
2.734		361.3		-0.353		6.8		-0.0114		236.2		-127.5						
2.832		370.9		-0.298		8.0		-0.0083		236.9		-110.6						
2.930		381.3		-0.254		9.3		-0.0098		237.1		-96.9						
3.027		390.0		-0.181		8.0		-0.0129		236.4		-70.4						
3.125		400.4		-0.122		5.5		-0.0114		235.9		-48.8						
3.223		405.7		-0.071		6.8		-0.0114		236.2		-29.0						
3.320		418.7		-0.031		0.4		-0.0114		234.5		-13.2						
3.418		426.5		0.025		6.8		-0.0083		236.5		10.7						
3.516		437.8		0.086		6.8		-0.0052		236.8		37.7						
3.613		443.5		0.143		9.3		-0.0037		237.6		63.3						
3.711		453.0		0.212		9.3		-0.0068		237.4		96.1						
3.809		460.9		0.265		6.8		-0.0083		236.5		121.9						
3.906		470.0		0.319		6.8		-0.0052		236.8		150.0						
4.004		473.9		0.382		9.3		-0.0006		237.9		181.1						
4.102		480.0		0.443		10.6		-0.0068		237.7		212.7						
4.199		487.8		0.500		9.3		-0.0083		237.2		243.8						
4.297		489.6		0.554		8.0		-0.0083		236.9		271.4						
4.395		493.5		0.605		8.0		-0.0083		236.9		298.4						
4.492		492.2		0.664		8.0		-0.0052		237.1		326.6						
4.590		494.3		0.701		6.8		-0.0068		236.7		346.7						
4.688		497.0		0.750		8.0		-0.0083		236.9		372.5						
4.785		496.5		0.804		5.5		-0.0083		236.2		399.3						
4.883		493.9		0.850		6.8		-0.0068		236.7		420.0						
4.980		496.1		0.888		10.6		-0.0068		237.7		440.6						
5.078		498.3		0.928		8.0		-0.0129		236.4		462.4						
5.176		492.6		0.983		2.9		-0.0175		234.6		484.1						
5.273		491.3		1.023		1.7		-0.0435		231.9		502.4						
5.371		485.2		1.079		-18.8		-0.0052		229.9		523.7						
5.469		483.5		1.115		6.8		-0.0098		236.4		539.1						
5.566		479.6		1.161		6.8		-0.0083		236.5		556.8						
5.664		475.7		1.214		6.8		-0.0037		236.9		577.3						
5.762		474.3		1.243		9.3		-0.0068		237.4		589.6						
5.859		464.3		1.283		6.8		-0.0083		236.5		595.7						
5.957		460.4		1.338		8.0		-0.0068		237.0		615.8						
6.055		452.6		1.350		10.6		-0.0022		238.1		611.1						
6.152		446.5		1.401		10.6		-0.0068		237.7		625.4						
6.250		437.0		1.417		9.3		-0.0068		237.4		619.3						
6.348		430.9		1.457		8.0		-0.0098		236.7		627.9						
6.445		422.6		1.480		13.1		-0.0083		238.2		625.6						
6.543		417.0		1.516		8.0		-0.0068		237.0		632.1						
6.641		408.3		1.548		9.3		-0.0068		237.4		631.8						
6.738		400.4		1.587		8.0		-0.0098		236.7		635.7						
6.836		391.7		1.592		6.8		-0.0098		236.4		623.5						
6.934		383.0		1.625		8.0		-0.0068		237.0		622.5						
7.031		375.7		1.640		9.3		-0.0068		237.4		616.0						
7.129		365.2		1.671		8.0		-0.0129		236.4		610.4						
7.227		358.7		1.676		2.9		-0.0190		234.5		601.0						
7.324		349.1		1.688		0.4		-0.0435		231.6		589.4						
7.422		337.0		1.720		-21.3		-0.0083		228.9		579.5						
7.520		330.4		1.728		6.8		-0.0098		236.4		571.0						
7.617		321.7		1.745		6.8		-0.0068		236.7		561.4						
7.715		317.0		1.757		8.0		-0.0052		237.1		557.0						
7.813		308.3		1.778		9.3		-0.0068		237.4		548.2						
7.910		295.2		1.802		6.8		-0.0083		236.5		531.9						
8.008		286.1		1.799		5.5		-0.0068		236.3		514.8						
8.105		275.2		1.820		8.0		-0.0052		237.1		501.0						
8.203		263.5		1.823		11.9		-0.0068		238.0		480.2						
8.301		251.3		1.818		5.5		-0.0098		236.0		457.0						
8.398		235.7		1.837		8.0		-0.0083		236.9		433.0						
8.496		221.7		1.831		52.7		-0.0083		248.9		406.0						
8.594		208.3		1.848		6.8		-0.0083		236.5		384.8						
8.691		195.7		1.827		8.0		-0.0083		236.9		357.4						
8.789		179.1		1.820		6.8		-0.0098		236.4		326.1						
8.887		162.6		1.795		5.5		-0.0098		236.0		291.9						
8.984		146.1		1.778		5.5		-0.0083		236.2		259.8						
9.082		133.9		1.768		8.0		-0.0068		237.0		236.8						
9.180		121.7		1.753		9.3		-0.0098		237.1		213.4						
9.277		105.7		1.739		5.5		-0.0114		235.9		183.7						
9.375		94.3		1.720		4.2		-0.0098		235.7		162.2						
9.473		80.4		1.694		4.2		-0.0083		235.8		136.3						
9.570		63.9		1.676		5.5		-0.0068		236.3		107.1						
9.668		47.8		1.650		4.2		-0.0083		235.8		78.9						
9.766		32.6		1.608		8.0		-0.0037		237.3		52.4						
9.863		13.9		1.594		8.0		-0.0083		236.9		22.2						
9.961		-0.9		1.581		6.8		-0.0098		236.4		-1.4						
10.059		-21.7		1.533		4.2		-0.0068		236.0		-33.3						
10.156		-37.8		1.495		6.8		-0.0037		236.9		-56.6						
10.254		-55.2		1.464		10.6		-0.0052		237.8		-80.8						
10.352		-74.3		1.424		6.8		-0.0083		236.5		-105.8						
10.449		-90.9		1.384		6.8		-0.0083		236.5		-125.7						
10.547		-104.8		1.354		-0.9		-0.0068		234.6		-141.9						
10.645		-120.9		1.325		8.0		-0.0068		237.0		-160.1						
10.742		-135.7		1.285		6.8		-0.0068		236.7		-174.3						
10.840		-152.6		1.245		8.0		-0.0083		236.9		-190.0						
10.938		-165.7		1.199		6.8		-0.0083		236.5		-198.6						
11.035		-179.6		1.170		6.8		-0.0052		236.8		-210.0						
11.133		-190.4		1.140		8.0		-0.0068		237.0		-217.1						
11.230		-205.2		1.096		6.8		-0.0083		236.5		-224.9						
11.328		-215.7		1.035		2.9		-0.0129		235.1		-223.2						
11.426		-229.6		1.018		5.5		-0.0068		236.3		-233.8						
11.523		-241.7		0.972		1.7		-0.0068		235.3		-235.0						
11.621		-252.6		0.924		4.2		-0.0083		235.8		-233.4						
11.719		-264.8		0.871		6.8		-0.0052		236.8		-230.7						
11.816		-277.8		0.844		6.8		-0.0068		236.7		-234.5						
11.914		-284.8		0.790		8.0		-0.0068		237.0		-224.8						
12.012		-298.7		0.735		4.2		-0.0083		235.8		-219.5						
12.109		-305.7		0.678		2.9		-0.0068		235.6		-207.3						
12.207		-316.1		0.630		5.5		-0.0037		236.6		-199.1						
12.305		-323.5		0.590		9.3		-0.0052		237.5		-190.9						
12.402		-332.2		0.531		5.5		-0.0098		236.0		-176.5						
12.500		-344.3		0.481		-2.2		-0.0083		234.1		-165.6						
12.598		-355.2		0.420		2.9		-0.0068		235.6		-149.2						
12.695		-362.6		0.372		5.5		-0.0052		236.5		-134.8						
12.793		-369.6		0.332		5.5		-0.0068		236.3		-122.6						
12.891		-380.0		0.260		4.2		-0.0098		235.7		-98.9						
12.988		-387.0		0.210		4.2		-0.0083		235.8		-81.3						
13.086		-401.7		0.151		4.2		-0.0022		236.4		-60.7						
13.184		-408.3		0.097		5.5		-0.0022		236.7		-39.4						
13.281		-418.3		0.010		6.8		-0.0037		236.9		-4.4						
13.379		-427.8		-0.036		2.9		-0.0114		235.2		15.3						
13.477		-437.4		-0.099		4.2		-0.0083		235.8		43.2						
13.574		-443.5		-0.153		0.4		-0.0068		234.9		68.0						
13.672		-451.3		-0.206		5.5		-0.0083		236.2		92.9						
13.770		-456.5		-0.265		2.9		-0.0068		235.6		120.8						
13.867		-469.1		-0.309		5.5		-0.0052		236.5		144.8						
13.965		-473.9		-0.374		6.8		-0.0068		236.7		177.1						
14.063		-482.2		-0.445		5.5		-0.0068		236.3		214.6						
14.160		-490.0		-0.485		4.2		-0.0068		236.0		237.7						
14.258		-492.2		-0.535		5.5		-0.0022		236.7		263.5						
14.355		-495.2		-0.598		9.3		-0.0037		237.6		296.4						
14.453		-496.5		-0.649		5.5		-0.0083		236.2		322.2						
14.551		-495.2		-0.706		1.7		-0.0068		235.3		349.4						
14.648		-495.7		-0.739		-40.5		-0.0068		223.9		366.3						
14.746		-494.8		-0.790		5.5		-0.0052		236.5		390.6						
14.844		-495.7		-0.831		6.8		-0.0052		236.8		412.1						
14.941		-496.1		-0.880		6.8		-0.0068		236.7		436.5						
15.039		-495.7		-0.936		4.2		-0.0083		235.8		464.2						
15.137		-489.1		-0.978		4.2		-0.0068		236.0		478.6						
15.234		-493.5		-1.031		6.8		-0.0037		236.9		508.8						
15.332		-487.8		-1.071		6.8		-0.0083		236.5		522.4						
15.430		-484.8		-1.125		1.7		-0.0160		234.4		545.6						
15.527		-482.2		-1.165		0.4		-0.0252		233.3		561.9						
15.625		-481.3		-1.199		-11.1		0.0331		235.4		577.1						
15.723		-474.8		-1.245		5.5		-0.0068		236.3		591.2						
15.820		-469.1		-1.285		5.5		-0.0068		236.3		602.9						
15.918		-465.2		-1.317		5.5		-0.0037		236.6		612.5						
16.016		-455.2		-1.348		6.8		-0.0037		236.9		613.6						
16.113		-447.8		-1.384		5.5		-0.0052		236.5		619.7						
16.211		-439.6		-1.428		5.5		-0.0052		236.5		627.6						
16.309		-432.6		-1.461		6.8		-0.0006		237.2		632.2						
16.406		-425.2		-1.495		9.3		-0.0037		237.6		635.7						
16.504		-419.6		-1.514		6.8		-0.0098		236.4		635.2						
16.602		-410.0		-1.541		8.0		-0.0052		237.1		631.9						
16.699		-404.3		-1.562		-35.4		-0.0052		225.4		631.7						
16.797		-395.2		-1.590		5.5		-0.0052		236.5		628.2						
16.895		-385.7		-1.627		6.8		-0.0052		236.8		627.6						
16.992		-378.7		-1.646		6.8		-0.0052		236.8		623.4						
17.090		-370.0		-1.650		1.7		-0.0068		235.3		610.6						
17.188		-358.7		-1.680		1.7		-0.0052		235.4		602.5						
17.285		-352.2		-1.703		2.9		-0.0037		235.9		599.7						
17.383		-340.4		-1.715		2.9		-0.0083		235.5		584.0						
17.480		-336.5		-1.726		-2.2		-0.0160		233.4		580.8						
17.578		-326.1		-1.760		-2.2		-0.0236		232.7		573.8						
17.676		-317.8		-1.797		-16.2		-0.0221		229.1		571.3						
17.773		-307.8		-1.791		1.7		-0.0068		235.3		551.3						
17.871		-298.3		-1.795		1.7		-0.0052		235.4		535.5						
17.969		-287.4		-1.820		1.7		-0.0037		235.6		523.2						
18.066		-275.7		-1.823		4.2		-0.0022		236.4		502.4						
18.164		-263.9		-1.829		2.9		-0.0037		235.9		482.7						
18.262		-253.5		-1.829		0.4		-0.0022		235.4		463.6						
18.359		-238.3		-1.841		1.7		-0.0006		235.8		438.8						
18.457		-226.1		-1.831		6.8		0.0009		237.4		414.0						
18.555		-210.0		-1.844		2.9		-0.0068		235.6		387.1						
18.652		-198.3		-1.812		5.5		-0.0052		236.5		359.3						
18.750		-184.3		-1.816		-7.3		-0.0037		233.1		334.8						
18.848		-165.7		-1.825		1.7		-0.0022		235.7		302.3						
18.945		-152.2		-1.791		4.2		-0.0022		236.4		272.6						
19.043		-136.5		-1.772		1.7		-0.0037		235.6		241.9						
19.141		-125.2		-1.760		2.9		-0.0037		235.9		220.3						
19.238		-110.0		-1.751		1.7		-0.0037		235.6		192.6						
19.336		-98.3		-1.726		1.7		-0.0022		235.7		169.6						
19.434		-83.9		-1.711		2.9		-0.0068		235.6		143.6						
19.531		-67.8		-1.703		-0.9		-0.0098		234.3		115.5						
19.629		-53.5		-1.665		-0.9		-0.0022		235.0		89.0						
19.727		-35.7		-1.627		-0.9		-0.0175		233.6		58.0						
19.824		-18.3		-1.604		1.7		-0.0037		235.6		29.3						
19.922		0.4		-1.579		1.7		-0.0037		235.6		-0.7						
20.020		17.0		-1.543		2.9		-0.0022		236.0		-26.2						
20.117		35.2		-1.516		1.7		-0.0022		235.7		-53.4						
20.215		53.5		-1.482		1.7		-0.0052		235.4		-79.3						
20.313		71.3		-1.440		0.4		-0.0022		235.4		-102.7						
20.410		85.2		-1.407		1.7		-0.0022		235.7		-119.9						
20.508		100.9		-1.356		5.5		-0.0022		236.7		-136.8						
20.605		117.8		-1.319		1.7		-0.0068		235.3		-155.4						
20.703		133.9		-1.285		1.7		-0.0037		235.6		-172.1						
20.801		148.7		-1.243		-0.9		-0.0052		234.7		-184.8						
20.898		163.9		-1.199		0.4		-0.0052		235.1		-196.5						
20.996		176.5		-1.161		1.7		-0.0052		235.4		-205.0						
21.094		189.6		-1.130		1.7		-0.0037		235.6		-214.1						
21.191		200.0		-1.079		0.4		-0.0052		235.1		-215.9						
21.289		216.5		-1.050		1.7		-0.0022		235.7		-227.3						
21.387		225.7		-1.014		4.2		-0.0037		236.3		-228.9						
21.484		239.1		-0.981		1.7		-0.0068		235.3		-234.5						
21.582		253.5		-0.932		0.4		-0.0098		234.7		-236.3						
21.680		261.3		-0.894		-0.9		-0.0022		235.0		-233.7						
21.777		273.0		-0.838		4.2		-0.0573		231.3		-228.8						
21.875		283.9		-0.794		0.4		-0.0052		235.1		-225.3						
21.973		294.8		-0.762		0.4		-0.0052		235.1		-224.7						
22.070		304.3		-0.693		1.7		-0.0037		235.6		-210.9						
22.168		313.9		-0.647		2.9		-0.0037		235.9		-203.0						
22.266		324.8		-0.596		1.7		-0.0037		235.6		-193.7						
22.363		333.5		-0.542		0.4		-0.0037		235.2		-180.7						
22.461		341.7		-0.491		2.9		-0.0022		236.0		-167.9						
22.559		348.7		-0.437		4.2		-0.0022		236.4		-152.3						
22.656		358.7		-0.380		1.7		-0.0068		235.3		-136.3						
22.754		368.3		-0.321		0.4		-0.0068		234.9		-118.3						
22.852		377.8		-0.273		1.7		-0.0037		235.6		-103.1						
22.949		385.7		-0.214		1.7		-0.0037		235.6		-82.6						
23.047		393.5		-0.149		1.7		-0.0037		235.6		-58.7						
23.145		405.7		-0.090		1.7		-0.0037		235.6		-36.6						
23.242		415.2		-0.036		1.7		-0.0052		235.4		-14.8						
23.340		423.5		0.027		0.4		0.0009		235.6		11.6						
23.438		429.6		0.069		4.2		0.0009		236.7		29.8						
23.535		442.6		0.132		1.7		-0.0022		235.7		58.5						
23.633		446.5		0.187		0.4		-0.0037		235.2		83.4						
23.730		456.5		0.235		-0.9		0.0009		235.3		107.4						
23.828		460.4		0.298		0.4		-0.0190		233.8		137.3						
23.926		474.3		0.349		0.4		-0.0022		235.4		165.3						
24.023		477.8		0.412		1.7		0.0009		236.0		196.6						
24.121		485.7		0.472		1.7		0.0009		236.0		229.4						
24.219		490.0		0.527		1.7		0.0009		236.0		258.2						
24.316		493.0		0.596		1.7		-0.0006		235.8		294.0						
24.414		491.7		0.636		0.4		-0.0006		235.5		312.9						
24.512		495.7		0.687		0.4		0.0024		235.8		340.3						
24.609		493.5		0.724		5.5		0.0024		237.2		357.5						
24.707		496.1		0.783		2.9		-0.0006		236.2		388.5						
24.805		495.2		0.831		-2.2		-0.0006		234.8		411.8						
24.902		497.0		0.878		-0.9		0.0009		235.3		436.2						
25.000		492.6		0.924		0.4		-0.0022		235.4		455.1						
25.098		495.2		0.976		1.7		0.0009		236.0		483.5						
25.195		490.9		1.002		2.9		-0.0022		236.0		491.6						
25.293		491.3		1.060		1.7		-0.0022		235.7		521.0						
25.391		487.4		1.117		1.7		-0.0006		235.8		544.4						
25.488		483.0		1.165		4.2		0.0024		236.8		562.9						
25.586		481.3		1.197		2.9		-0.0022		236.0		576.0						
25.684		473.9		1.226		0.4		-0.0083		234.8		581.1						
25.781		468.7		1.275		-4.7		-0.0190		232.4		597.4						
25.879		460.9		1.314		-9.8		-0.1141		222.5		605.8						
25.977		456.1		1.359		2.9		-0.0037		235.9		619.6						
26.074		445.2		1.396		-2.2		-0.0022		234.7		621.7						
26.172		442.2		1.422		1.7		0.0009		236.0		628.6						
26.270		432.2		1.457		2.9		-0.0006		236.2		629.8						
26.367		422.6		1.480		2.9		-0.0022		236.0		625.6						
26.465		419.1		1.508		0.4		-0.0022		235.4		631.9						
26.563		410.9		1.535		1.7		0.0040		236.3		630.6						
26.660		401.3		1.581		5.5		0.0024		237.2		634.5						
26.758		394.3		1.581		2.9		0.0009		236.3		623.5						
26.855		383.5		1.627		-0.9		0.0009		235.3		624.0						
26.953		377.0		1.644		2.9		-0.0006		236.2		619.8						
27.051		370.4		1.663		1.7		-0.0006		235.8		616.0						
27.148		360.4		1.682		2.9		-0.0006		236.2		606.2						
27.246		353.0		1.703		4.2		-0.0022		236.4		601.2						
27.344		339.1		1.730		1.7		-0.0037		235.6		586.8						
27.441		334.8		1.745		0.4		-0.0037		235.2		584.2						
27.539		327.0		1.749		1.7		-0.0006		235.8		571.9						
27.637		317.4		1.762		4.2		-0.0037		236.3		559.1						
27.734		308.3		1.778		0.4		-0.0098		234.7		548.2						
27.832		297.4		1.799		-4.7		-0.0190		232.4		535.1						
27.930		287.8		1.797		-9.8		-0.0803		225.6		517.3						
28.027		280.4		1.820		4.2		-0.0006		236.5		510.5						
28.125		263.9		1.827		1.7		-0.0006		235.8		482.1						
28.223		252.2		1.833		1.7		0.0009		236.0		462.3						
28.320		242.2		1.844		2.9		0.0009		236.3		446.5						
28.418		228.3		1.848		2.9		0.0009		236.3		421.8						
28.516		212.2		1.827		0.4		-0.0006		235.5		387.6						
28.613		198.3		1.827		2.9		0.0040		236.6		362.2						
28.711		186.1		1.833		5.5		0.0024		237.2		341.1						
28.809		169.1		1.820		2.9		0.0024		236.5		307.9						
28.906		152.2		1.795		-2.2		0.0009		234.9		273.2						
29.004		137.4		1.799		1.7		-0.0006		235.8		247.2						
29.102		124.8		1.766		1.7		0.0009		236.0		220.4						
29.199		111.3		1.751		1.7		0.0009		236.0		194.9						
29.297		101.3		1.739		1.7		0.0009		236.0		176.1						
29.395		84.3		1.705		1.7		-0.0006		235.8		143.8						
29.492		69.6		1.697		1.7		-0.0006		235.8		118.0						
29.590		55.7		1.661		1.7		0.0009		236.0		92.4						
29.688		37.4		1.646		4.2		-0.0022		236.4		61.6						
29.785		17.4		1.617		0.4		-0.0037		235.2		28.1						
29.883		3.9		1.573		-2.2		0.0009		234.9		6.2						
29.980		-15.2		1.539		1.7		-0.0052		235.4		-23.4						
30.078		-30.9		1.518		29.7		-0.0006		243.5		-46.9						
30.176		-47.8		1.497		2.9		0.0009		236.3		-71.6						
30.273		-67.4		1.440		1.7		0.0009		236.0		-97.1						
30.371		-83.0		1.403		1.7		0.0009		236.0		-116.5						
30.469		-101.3		1.363		2.9		0.0009		236.3		-138.1						
30.566		-113.9		1.342		0.4		0.0009		235.6		-152.8						
30.664		-132.6		1.291		1.7		0.0040		236.3		-171.2						
30.762		-147.8		1.262		4.2		0.0024		236.8		-186.5						
30.859		-161.7		1.220		1.7		0.0024		236.1		-197.3						
30.957		-174.8		1.182		-2.2		0.0009		234.9		-206.6						
31.055		-189.1		1.134		1.7		0.0024		236.1		-214.4						
31.152		-200.0		1.102		0.4		-0.0006		235.5		-220.5						
31.250		-212.2		1.052		1.7		0.0009		236.0		-223.2						
31.348		-224.3		1.033		1.7		0.0009		236.0		-231.8						
31.445		-235.7		0.978		2.9		-0.0006		236.2		-230.6						
31.543		-248.7		0.930		0.4		-0.0006		235.5		-231.3						
31.641		-263.9		0.897		1.7		0.0024		236.1		-236.6						
31.738		-270.4		0.846		2.9		0.0009		236.3		-228.8						
31.836		-283.0		0.804		0.4		-0.0037		235.2		-227.6						
31.934		-294.8		0.758		-3.5		-0.0006		234.5		-223.4						
32.031		-301.7		0.714		-2.2		-0.0098		234.0		-215.4						
32.129		-313.5		0.659		4.2		0.0009		236.7		-206.7						
32.227		-322.6		0.613		-3.5		-0.0006		234.5		-197.8						
32.324		-331.3		0.546		-3.5		0.0009		234.6		-180.9						
32.422		-339.6		0.500		-2.2		0.0024		235.1		-169.7						
32.520		-347.4		0.445		-0.9		0.0009		235.3		-154.6						
32.617		-360.9		0.386		-3.5		0.0009		234.6		-139.4						
32.715		-369.6		0.330		-2.2		0.0040		235.2		-121.8						
32.813		-378.7		0.288		-0.9		0.0040		235.6		-108.9						
32.910		-389.6		0.227		-0.9		0.0040		235.6		-88.3						
33.008		-396.5		0.166		-4.7		0.0070		234.8		-65.8						
33.105		-404.8		0.115		-2.2		0.0055		235.4		-46.7						
33.203		-415.2		0.044		-2.2		0.0055		235.4		-18.3						
33.301		-423.0		-0.015		-3.5		0.0070		235.2		6.2						
33.398		-432.6		-0.065		-2.2		0.0024		235.1		28.2						
33.496		-437.8		-0.130		-2.2		0.0009		234.9		57.0						
33.594		-450.0		-0.189		-3.5		0.0009		234.6		85.0						
33.691		-459.1		-0.231		-0.9		0.0024		235.4		106.0						
33.789		-465.2		-0.300		-0.9		0.0009		235.3		139.7						
33.887		-471.3		-0.353		-3.5		-0.0022		234.3		166.3						
33.984		-478.7		-0.409		-7.3		0.0009		233.6		196.0						
34.082		-484.8		-0.472		0.4		-0.0068		234.9		229.0						
34.180		-490.0		-0.523		-91.5		0.0024		210.8		256.2						
34.277		-491.3		-0.573		-2.2		0.0040		235.2		281.6						
34.375		-496.5		-0.634		-0.9		0.0040		235.6		314.9						
34.473		-499.6		-0.687		-2.2		0.0040		235.2		343.0						
34.570		-495.7		-0.731		-0.9		0.0024		235.4		362.2						
34.668		-498.7		-0.781		-4.7		0.0009		234.3		389.5						
34.766		-497.0		-0.825		-3.5		0.0055		235.0		410.1						
34.863		-494.8		-0.865		0.4		0.0086		236.3		428.0						
34.961		-497.4		-0.924		0.4		0.0055		236.1		459.5						
35.059		-496.5		-0.972		-2.2		0.0040		235.2		482.7						
35.156		-489.6		-1.025		0.4		0.0040		235.9		501.6						
35.254		-491.7		-1.069		-2.2		0.0024		235.1		525.6						
35.352		-487.8		-1.123		-2.2		0.0040		235.2		548.0						
35.449		-488.3		-1.151		-0.9		0.0024		235.4		561.8						
35.547		-481.3		-1.201		-2.2		0.0009		234.9		578.1						
35.645		-474.3		-1.239		-3.5		0.0009		234.6		587.6						
35.742		-468.3		-1.287		-2.2		0.0040		235.2		602.7						
35.840		-463.0		-1.323		0.4		0.0040		235.9		612.5						
35.938		-458.7		-1.363		-2.2		-0.0022		234.7		625.1						
36.035		-466.1		-1.390		-7.3		-0.0052		233.0		647.9						
36.133		-443.5		-1.424		-6.0		-0.0420		230.0		631.3						
36.230		-433.0		-1.472		-94.1		0.0024		210.2		637.4						
36.328		-426.5		-1.491		-2.2		0.0024		235.1		635.9						
36.426		-417.8		-1.531		-2.2		0.0055		235.4		639.6						
36.523		-412.2		-1.564		-0.9		0.0055		235.7		644.8						
36.621		-404.8		-1.558		-0.9		0.0040		235.6		630.7						
36.719		-395.7		-1.602		-2.2		0.0024		235.1		633.9						
36.816		-388.7		-1.617		-3.5		0.0055		235.0		628.4						
36.914		-380.9		-1.638		0.4		0.0070		236.2		623.8						
37.012		-373.0		-1.667		1.7		0.0055		236.4		621.9						
37.109		-361.7		-1.671		1.7		0.0070		236.5		604.6						
37.207		-353.0		-1.692		2.9		0.0040		236.6		597.5						
37.305		-342.6		-1.722		-3.5		0.0024		234.7		589.9						
37.402		-335.7		-1.745		0.4		0.0055		236.1		585.7						
37.500		-328.3		-1.749		0.4		0.0024		235.8		574.2						
37.598		-319.6		-1.776		0.4		0.0024		235.8		567.7						
37.695		-309.1		-1.802		-2.2		0.0024		235.1		556.9						
37.793		-302.2		-1.816		0.4		0.0070		236.2		548.8						
37.891		-292.6		-1.833		2.9		0.0040		236.6		536.4						
37.988		-280.9		-1.831		-0.9		-0.0022		235.0		514.3						
38.086		-270.9		-1.831		-6.0		-0.0037		233.5		496.0						
38.184		-257.4		-1.846		-7.3		-0.0420		229.7		475.1						
38.281		-242.6		-1.850		-73.6		0.0070		216.1		448.8						
38.379		-227.8		-1.827		-0.9		0.0070		235.8		416.2						
38.477		-215.7		-1.837		-0.9		0.0086		236.0		396.2						
38.574		-202.2		-1.831		-0.9		0.0101		236.1		370.2						
38.672		-186.1		-1.831		0.4		0.0086		236.3		340.7						
38.770		-173.5		-1.810		-0.9		0.0086		236.0		314.0						
38.867		-155.2		-1.799		-0.9		0.0101		236.1		279.3						
38.965		-141.3		-1.789		0.4		0.0116		236.6		252.8						
39.063		-125.7		-1.776		1.7		0.0086		236.7		223.2						
39.160		-113.9		-1.772		0.4		0.0086		236.3		201.9						
39.258		-102.2		-1.747		-2.2		0.0944		243.4		178.5						
39.355		-89.1		-1.728		0.4		0.0070		236.2		154.0						
39.453		-75.2		-1.703		-0.9		0.0055		235.7		128.1						
39.551		-57.4		-1.686		-0.9		0.0070		235.8		96.8						
39.648		-41.7		-1.671		-0.9		0.0040		235.6		69.8						
39.746		-24.8		-1.627		-4.7		0.0055		234.7		40.3						
39.844		-5.7		-1.598		-2.2		0.0070		235.5		9.0						
39.941		14.3		-1.560		1.7		0.0070		236.5		-22.4						
40.039		29.6		-1.512		-0.9		0.0024		235.4		-44.7						
40.137		46.1		-1.482		-4.7		0.0070		234.8		-68.3						
40.234		60.9		-1.457		-0.9		0.0040		235.6		-88.7						
40.332		78.7		-1.426		-22.6		0.0055		229.8		-112.2						
40.430		97.4		-1.373		-0.9		0.0070		235.8		-133.7						
40.527		114.8		-1.340		-0.9		0.0086		236.0		-153.8						
40.625		128.3		-1.312		-0.9		0.0070		235.8		-168.3						
40.723		145.2		-1.270		-0.9		0.0070		235.8		-184.5						
40.820		160.0		-1.222		-2.2		0.0055		235.4		-195.5						
40.918		171.7		-1.186		-0.9		0.0070		235.8		-203.7						
41.016		183.5		-1.140		0.4		0.0116		236.6		-209.2						
41.113		193.0		-1.107		1.7		0.0070		236.5		-213.6						
41.211		209.6		-1.073		2.9		0.0162		237.7		-224.9						
41.309		225.7		-1.035		1.7		0.0024		236.1		-233.6						
41.406		235.7		-0.991		-0.9		0.0070		235.8		-233.5						
41.504		246.5		-0.960		-2.2		0.0040		235.2		-236.6						
41.602		259.1		-0.905		0.4		0.0070		236.2		-234.5						
41.699		272.2		-0.867		-0.9		0.0055		235.7		-236.0						
41.797		282.2		-0.831		-2.2		0.0040		235.2		-234.6						
41.895		292.2		-0.775		-2.2		0.0070		235.5		-226.4						
41.992		302.2		-0.710		0.4		0.0055		236.1		-214.5						
42.090		310.0		-0.666		-2.2		0.0009		234.9		-206.3						
42.188		317.8		-0.611		-4.7		0.0055		234.7		-194.2						
42.285		329.1		-0.561		-2.2		0.0040		235.2		-184.5						
42.383		341.3		-0.508		-13.7		0.0055		232.2		-173.4						
42.480		345.2		-0.449		-2.2		0.0055		235.4		-155.1						
42.578		354.3		-0.391		-2.2		0.0070		235.5		-138.4						
42.676		367.0		-0.342		-2.2		0.0086		235.6		-125.6						
42.773		377.0		-0.277		-0.9		0.0086		236.0		-104.5						
42.871		383.0		-0.218		-2.2		0.0055		235.4		-83.6						
42.969		391.7		-0.172		-3.5		0.0086		235.3		-67.4						
43.066		404.8		-0.105		-0.9		0.0101		236.1		-42.5						
43.164		410.0		-0.050		-0.9		0.0055		235.7		-20.7						
43.262		421.3		-0.002		-0.9		0.0040		235.6		-0.9						
43.359		432.6		0.061		-0.9		0.0024		235.4		26.3						
43.457		437.0		0.120		-2.2		0.0086		235.6		52.3						
43.555		448.7		0.176		-3.5		0.0070		235.2		79.1						
43.652		453.0		0.229		-2.2		0.0086		235.6		103.7						
43.750		461.7		0.290		-2.2		0.0055		235.4		133.8						
43.848		469.1		0.342		-3.5		0.0070		235.2		160.6						
43.945		473.5		0.388		-2.2		0.0101		235.8		183.9						
44.043		485.2		0.468		-2.2		0.0086		235.6		227.2						
44.141		491.3		0.519		-2.2		0.0040		235.2		254.8						
44.238		493.9		0.588		-7.3		0.0070		234.1		290.4						
44.336		495.7		0.619		-2.2		0.0055		235.4		307.0						
44.434		493.5		0.678		-14.9		0.0086		232.2		334.7						
44.531		493.5		0.745		-2.2		0.0070		235.5		367.8						
44.629		494.3		0.771		-2.2		0.0116		235.9		380.9						
44.727		497.0		0.825		-0.9		0.0116		236.3		410.1						
44.824		496.5		0.869		-0.9		0.0086		236.0		431.6						
44.922		495.2		0.913		-2.2		0.0070		235.5		452.3						
45.020		495.7		0.960		-2.2		0.0086		235.6		475.6						
45.117		490.4		0.999		1.7		0.0132		237.1		490.2						
45.215		492.6		1.048		0.4		0.0086		236.3		516.1						
45.313		489.1		1.090		-0.9		-0.0006		235.2		533.0						
45.410		482.2		1.130		-2.2		0.0040		235.2		544.7						
45.508		479.6		1.184		-3.5		0.0086		235.3		567.9						
45.605		476.1		1.237		-2.2		0.0086		235.6		588.8						
45.703		470.4		1.264		-2.2		0.0086		235.6		594.6						
45.801		463.0		1.300		-2.2		0.0055		235.4		601.8						
45.898		459.1		1.350		-3.5		0.0055		235.0		619.9						
45.996		447.0		1.377		-2.2		0.0101		235.8		615.7						
46.094		447.8		1.413		0.4		0.0086		236.3		632.8						
46.191		435.2		1.436		-2.2		0.0024		235.1		625.1						
46.289		424.8		1.491		-6.0		-0.0022		233.6		633.3						
46.387		419.6		1.489		-8.6		-0.0328		230.2		624.6						
46.484		410.0		1.529		-35.4		0.0070		226.5		626.7						
46.582		407.4		1.560		-3.5		0.0055		235.0		635.6						
46.680		397.0		1.583		-3.5		0.0101		235.4		628.5						
46.777		387.8		1.613		-0.9		0.0101		236.1		625.4						
46.875		379.6		1.625		-0.9		0.0101		236.1		616.9						
46.973		373.5		1.644		-2.2		0.0070		235.5		614.0						
47.070		360.4		1.705		-2.2		0.0086		235.6		614.5						
47.168		354.3		1.701		1.7		0.0116		237.0		602.7						
47.266		342.6		1.715		2.9		0.0070		236.9		587.7						
47.363		340.0		1.732		1.7		0.0055		236.4		589.0						
47.461		331.7		1.760		0.4		0.0070		236.2		583.7						
47.559		321.3		1.774		0.4		0.0070		236.2		570.1						
47.656		311.3		1.789		-0.9		0.0086		236.0		556.9						
47.754		303.0		1.797		0.4		0.0070		236.2		544.7						
47.852		291.7		1.802		0.4		0.0070		236.2		525.6						
47.949		279.1		1.831		-2.2		0.0055		235.4		511.1						
48.047		272.6		1.816		-2.2		0.0101		235.8		495.1						
48.145		257.8		1.829		1.7		0.0086		236.7		471.5						
48.242		246.5		1.848		-0.9		0.0024		235.4		455.5						
48.340		231.7		1.825		-4.7		-0.0022		234.0		422.8						
48.438		213.9		1.860		-8.6		-0.0328		230.2		398.0						
48.535		201.3		1.841		-32.8		0.0101		227.4		370.7						
48.633		188.3		1.835		0.4		0.0086		236.3		345.5						
48.730		175.2		1.827		-0.9		0.0086		236.0		320.1						
48.828		157.8		1.820		-0.9		0.0101		236.1		287.3						
48.926		143.5		1.816		-0.9		0.0101		236.1		260.6						
49.023		128.7		1.783		-0.9		0.0086		236.0		229.4						
49.121		119.1		1.757		-2.2		0.0101		235.8		209.4						
49.219		102.6		1.747		1.7		0.0147		237.2		179.3						
49.316		89.6		1.718		2.9		0.0086		237.0		153.8						
49.414		73.0		1.703		0.4		0.0101		236.5		124.4						
49.512		57.8		1.688		-0.9		0.0086		236.0		97.6						
49.609		43.9		1.661		-0.9		0.0086		236.0		72.9						
49.707		26.5		1.617		-2.2		0.0101		235.8		42.9						
49.805		11.3		1.606		-0.9		0.0086		236.0		18.2						
49.902		-6.5		1.556		-0.9		0.0070		235.8		-10.1						
