Oscilloscope Trace Export		
Festo Didactic LVDAC-EMS 3.21		
		
		
		Ch1		Ch2		Ch3		Ch4		Ch5		Ch6		Ch7		Ch8		
Time 		E1		I1		AI8		AI7		Pm		P1		Off		Off		
(ms)		(V)		(A)		(r/min)		(N·m)		(W)		(W)		()		()		
0.000		7.8		-1.016		4.9		0.0009		53.6		-8.0						
0.098		18.3		-0.970		3.7		0.0024		53.6		-17.7						
0.195		27.4		-0.945		3.7		0.0039		53.7		-25.9						
0.293		36.1		-0.936		6.2		0.0009		53.7		-33.8						
0.391		46.5		-0.928		3.7		-0.0007		53.4		-43.2						
0.488		53.9		-0.903		-0.2		0.0009		53.2		-48.7						
0.586		64.8		-0.899		6.2		0.0055		54.0		-58.2						
0.684		69.6		-0.882		4.9		0.0009		53.6		-61.3						
0.781		81.7		-0.859		2.4		0.0009		53.4		-70.2						
0.879		87.4		-0.842		4.9		0.0009		53.6		-73.6						
0.977		96.1		-0.815		4.9		0.0024		53.7		-78.3						
1.074		105.7		-0.800		4.9		-0.0007		53.5		-84.5						
1.172		112.2		-0.766		2.4		0.0009		53.4		-86.0						
1.270		115.7		-0.739		3.7		0.0024		53.6		-85.5						
1.367		123.5		-0.737		6.2		0.0024		53.8		-91.0						
1.465		130.9		-0.703		6.2		0.0039		53.9		-92.1						
1.563		137.0		-0.674		1.1		-0.0007		53.2		-92.3						
1.660		143.9		-0.655		3.7		0.0009		53.5		-94.3						
1.758		150.0		-0.628		3.7		-0.0007		53.4		-94.2						
1.855		154.3		-0.609		3.7		0.0024		53.6		-94.0						
1.953		161.3		-0.580		4.9		-0.0007		53.5		-93.5						
2.051		167.8		-0.556		3.7		-0.0007		53.4		-93.4						
2.148		171.3		-0.538		3.7		-0.0007		53.4		-92.1						
2.246		177.4		-0.508		4.9		0.0039		53.8		-90.1						
2.344		181.7		-0.479		6.2		0.0009		53.7		-87.0						
2.441		187.8		-0.449		2.4		-0.0022		53.2		-84.4						
2.539		192.6		-0.418		1.1		-0.0007		53.2		-80.5						
2.637		200.0		-0.397		4.9		0.0055		53.9		-79.4						
2.734		204.3		-0.355		6.2		-0.0007		53.6		-72.5						
2.832		210.0		-0.330		3.7		0.0009		53.5		-69.2						
2.930		213.9		-0.294		2.4		0.0009		53.4		-62.9						
3.027		219.6		-0.258		4.9		0.0024		53.7		-56.7						
3.125		223.0		-0.225		4.9		-0.0007		53.5		-50.1						
3.223		226.5		-0.195		2.4		-0.0007		53.3		-44.2						
3.320		232.2		-0.157		2.4		0.0009		53.4		-36.6						
3.418		234.8		-0.122		6.2		0.0009		53.7		-28.6						
3.516		239.6		-0.082		3.7		-0.0007		53.4		-19.6						
3.613		246.5		-0.055		1.1		-0.0007		53.2		-13.5						
3.711		249.1		-0.010		4.9		0.0024		53.7		-2.6						
3.809		251.7		0.031		3.7		0.0024		53.6		7.9						
3.906		257.8		0.055		1.1		0.0039		53.5		14.1						
4.004		261.3		0.088		2.4		0.0039		53.6		23.0						
4.102		265.7		0.136		3.7		0.0024		53.6		36.3						
4.199		270.4		0.176		2.4		0.0024		53.5		47.7						
4.297		267.4		0.208		3.7		0.0039		53.7		55.6						
4.395		272.2		0.237		4.9		0.0070		54.0		64.6						
4.492		273.0		0.283		3.7		0.0024		53.6		77.4						
4.590		268.7		0.302		-0.2		0.0039		53.4		81.2						
4.688		270.0		0.338		2.4		0.0070		53.8		91.3						
4.785		270.9		0.370		8.8		0.0039		54.1		100.1						
4.883		270.0		0.397		3.7		0.0024		53.6		107.1						
4.980		270.0		0.416		2.4		0.0055		53.7		112.3						
5.078		273.5		0.445		3.7		0.0055		53.8		121.7						
5.176		270.4		0.472		3.7		0.0039		53.7		127.8						
5.273		268.7		0.517		2.4		0.0024		53.5		138.8						
5.371		267.8		0.538		3.7		0.0055		53.8		144.0						
5.469		261.3		0.563		6.2		0.0070		54.1		147.0						
5.566		260.9		0.582		6.2		0.0055		54.0		151.7						
5.664		258.3		0.611		1.1		0.0039		53.5		157.8						
5.762		256.1		0.647		4.9		0.0039		53.8		165.6						
5.859		255.2		0.661		3.7		0.0039		53.7		168.8						
5.957		249.1		0.695		3.7		0.0055		53.8		173.1						
6.055		245.7		0.716		3.7		0.0039		53.7		175.9						
6.152		240.4		0.731		2.4		0.0024		53.5		175.7						
6.250		240.0		0.756		2.4		0.0039		53.6		181.4						
6.348		233.9		0.775		3.7		0.0070		53.9		181.2						
6.445		227.8		0.787		4.9		0.0055		53.9		179.4						
6.543		222.6		0.819		3.7		0.0024		53.6		182.3						
6.641		220.4		0.842		1.1		0.0039		53.5		185.6						
6.738		217.0		0.869		3.7		0.0070		53.9		188.6						
6.836		210.9		0.882		8.8		0.0039		54.1		186.0						
6.934		206.1		0.909		3.7		0.0024		53.6		187.4						
7.031		200.0		0.926		4.9		0.0039		53.8		185.2						
7.129		196.5		0.939		3.7		0.0070		53.9		184.5						
7.227		189.1		0.953		4.9		0.0055		53.9		180.3						
7.324		185.2		0.976		3.7		0.0039		53.7		180.8						
7.422		180.4		0.985		2.4		0.0039		53.6		177.7						
7.520		177.4		0.993		6.2		0.0070		54.1		176.2						
7.617		173.5		1.012		4.9		0.0039		53.8		175.6						
7.715		167.4		1.039		2.4		0.0039		53.6		174.0						
7.813		160.0		1.060		3.7		0.0039		53.7		169.7						
7.910		153.0		1.056		3.7		0.0039		53.7		161.6						
8.008		151.3		1.075		3.7		0.0039		53.7		162.7						
8.105		144.8		1.077		3.7		0.0055		53.8		156.0						
8.203		138.3		1.073		4.9		0.0039		53.8		148.3						
8.301		128.7		1.094		3.7		0.0055		53.8		140.8						
8.398		126.1		1.092		2.4		0.0055		53.7		137.7						
8.496		117.4		1.104		6.2		0.0055		54.0		129.7						
8.594		107.0		1.102		3.7		0.0024		53.6		117.9						
8.691		99.6		1.119		1.1		0.0024		53.4		111.4						
8.789		92.2		1.125		2.4		0.0055		53.7		103.7						
8.887		80.9		1.111		10.0		0.0039		54.2		89.8						
8.984		72.6		1.102		3.7		0.0039		53.7		80.0						
9.082		69.1		1.088		3.7		0.0039		53.7		75.2						
9.180		60.0		1.090		4.9		0.0039		53.8		65.4						
9.277		52.2		1.077		3.7		0.0024		53.6		56.2						
9.375		43.5		1.079		1.1		0.0024		53.4		46.9						
9.473		36.5		1.067		2.4		0.0055		53.7		39.0						
9.570		29.6		1.052		4.9		0.0055		53.9		31.1						
9.668		20.9		1.039		3.7		0.0024		53.6		21.7						
9.766		10.4		1.037		4.9		0.0039		53.8		10.8						
9.863		0.0		1.035		2.4		0.0024		53.5		0.0						
9.961		-7.4		1.010		3.7		0.0039		53.7		-7.5						
10.059		-18.7		0.987		2.4		0.0024		53.5		-18.5						
10.156		-27.0		0.968		3.7		0.0039		53.7		-26.1						
10.254		-35.2		0.955		3.7		0.0024		53.6		-33.6						
10.352		-47.4		0.928		1.1		0.0024		53.4		-44.0						
10.449		-55.2		0.905		3.7		0.0039		53.7		-50.0						
10.547		-66.5		0.886		6.2		0.0055		54.0		-58.9						
10.645		-72.2		0.863		2.4		0.0009		53.4		-62.3						
10.742		-80.9		0.850		-0.2		0.0009		53.2		-68.8						
10.840		-90.9		0.834		2.4		0.0039		53.6		-75.7						
10.938		-99.1		0.817		10.0		0.0024		54.1		-81.0						
11.035		-104.3		0.787		3.7		0.0024		53.6		-82.2						
11.133		-111.3		0.775		3.7		0.0055		53.8		-86.2						
11.230		-117.0		0.756		2.4		0.0039		53.6		-88.4						
11.328		-127.0		0.729		3.7		0.0039		53.7		-92.5						
11.426		-130.9		0.714		1.1		0.0024		53.4		-93.4						
11.523		-137.0		0.685		2.4		0.0024		53.5		-93.7						
11.621		-143.9		0.668		4.9		0.0070		54.0		-96.1						
11.719		-149.6		0.636		3.7		0.0039		53.7		-95.2						
11.816		-157.4		0.615		3.7		-0.0007		53.4		-96.8						
11.914		-162.6		0.588		3.7		0.0024		53.6		-95.6						
12.012		-170.0		0.559		1.1		0.0024		53.4		-95.0						
12.109		-173.5		0.517		2.4		0.0024		53.5		-89.6						
12.207		-175.7		0.491		4.9		0.0055		53.9		-86.3						
12.305		-182.2		0.454		3.7		0.0039		53.7		-82.6						
12.402		-188.7		0.449		1.1		0.0024		53.4		-84.8						
12.500		-192.2		0.426		2.4		0.0070		53.8		-81.9						
12.598		-199.6		0.382		4.9		0.0055		53.9		-76.3						
12.695		-205.2		0.355		3.7		0.0024		53.6		-72.8						
12.793		-210.9		0.319		1.1		0.0024		53.4		-67.3						
12.891		-211.7		0.296		2.4		0.0024		53.5		-62.7						
12.988		-217.0		0.260		8.8		0.0039		54.1		-56.5						
13.086		-220.9		0.223		2.4		0.0039		53.6		-49.2						
13.184		-226.5		0.206		2.4		0.0039		53.6		-46.6						
13.281		-229.6		0.160		3.7		0.0039		53.7		-36.6						
13.379		-236.1		0.115		3.7		0.0055		53.8		-27.3						
13.477		-244.3		0.088		2.4		0.0024		53.5		-21.5						
13.574		-247.0		0.057		2.4		0.0039		53.6		-14.0						
13.672		-247.8		0.013		4.9		0.0085		54.1		-3.1						
13.770		-254.8		-0.025		6.2		0.0009		53.7		6.4						
13.867		-259.6		-0.069		3.7		-0.0099		52.7		18.0						
13.965		-266.1		-0.092		1.1		0.0009		53.3		24.6						
14.063		-268.3		-0.143		1.1		0.0009		53.3		38.3						
14.160		-269.1		-0.164		2.4		0.0009		53.4		44.1						
14.258		-270.4		-0.214		2.4		0.0024		53.5		57.9						
14.355		-271.7		-0.233		2.4		-0.0007		53.3		63.3						
14.453		-273.9		-0.275		1.1		-0.0007		53.2		75.3						
14.551		-272.2		-0.315		2.4		0.0024		53.5		85.7						
14.648		-268.3		-0.349		4.9		0.0024		53.7		93.5						
14.746		-270.9		-0.367		3.7		-0.0007		53.4		99.5						
14.844		-270.4		-0.382		-1.4		-0.0022		52.8		103.3						
14.941		-271.7		-0.428		1.1		0.0009		53.3		116.4						
15.039		-271.7		-0.460		10.0		0.0009		54.0		125.0						
15.137		-270.4		-0.487		1.1		-0.0022		53.1		131.7						
15.234		-269.1		-0.517		-0.2		-0.0007		53.1		139.0						
15.332		-265.2		-0.548		2.4		0.0024		53.5		145.3						
15.430		-266.5		-0.577		2.4		-0.0007		53.3		153.9						
15.527		-261.7		-0.584		2.4		-0.0007		53.3		152.8						
15.625		-261.7		-0.622		1.1		0.0009		53.3		162.7						
15.723		-258.7		-0.640		3.7		0.0024		53.6		165.7						
15.820		-256.1		-0.661		3.7		-0.0022		53.3		169.4						
15.918		-248.7		-0.708		2.4		-0.0068		52.8		176.0						
16.016		-245.7		-0.714		2.4		-0.0007		53.3		175.4						
16.113		-242.6		-0.745		2.4		0.0009		53.4		180.8						
16.211		-240.9		-0.760		1.1		0.0009		53.3		183.1						
16.309		-235.2		-0.779		2.4		0.0009		53.4		183.2						
16.406		-230.0		-0.813		2.4		-0.0007		53.3		186.9						
16.504		-226.1		-0.825		2.4		-0.0007		53.3		186.6						
16.602		-222.2		-0.842		2.4		0.0024		53.5		187.1						
16.699		-217.0		-0.869		4.9		0.0039		53.8		188.6						
16.797		-213.0		-0.876		4.9		-0.0007		53.5		186.5						
16.895		-209.1		-0.894		-0.2		-0.0007		53.1		187.1						
16.992		-203.5		-0.924		1.1		0.0009		53.3		188.0						
17.090		-198.7		-0.934		7.5		0.0024		53.9		185.7						
17.188		-190.4		-0.955		2.4		0.0009		53.4		181.9						
17.285		-187.4		-0.968		1.1		0.0009		53.3		181.4						
17.383		-187.8		-0.978		2.4		0.0024		53.5		183.8						
17.480		-179.1		-1.002		3.7		0.0009		53.5		179.4						
17.578		-172.2		-1.025		1.1		-0.0007		53.2		176.4						
17.676		-170.4		-1.023		1.1		0.0024		53.4		174.3						
17.773		-162.6		-1.041		4.9		0.0039		53.8		169.4						
17.871		-157.0		-1.062		4.9		0.0009		53.6		166.8						
17.969		-153.0		-1.079		3.7		0.0009		53.5		165.2						
18.066		-145.7		-1.077		3.7		0.0009		53.5		156.9						
18.164		-139.6		-1.083		3.7		0.0009		53.5		151.2						
18.262		-131.7		-1.102		2.4		0.0009		53.4		145.2						
18.359		-123.0		-1.098		3.7		0.0009		53.5		135.1						
18.457		-115.7		-1.104		3.7		-0.0007		53.4		127.7						
18.555		-109.6		-1.102		2.4		-0.0007		53.3		120.8						
18.652		-100.0		-1.109		3.7		0.0039		53.7		110.9						
18.750		-91.7		-1.113		3.7		0.0009		53.5		102.1						
18.848		-83.0		-1.102		3.7		0.0009		53.5		91.5						
18.945		-77.4		-1.102		-0.2		-0.0022		52.9		85.3						
19.043		-69.1		-1.104		1.1		0.0024		53.4		76.4						
19.141		-61.7		-1.096		3.7		0.0009		53.5		67.7						
19.238		-57.0		-1.077		2.4		-0.0007		53.3		61.4						
19.336		-45.2		-1.083		2.4		0.0009		53.4		49.0						
19.434		-37.8		-1.071		2.4		0.0024		53.5		40.5						
19.531		-29.6		-1.060		2.4		0.0009		53.4		31.3						
19.629		-19.6		-1.046		-0.2		-0.0022		52.9		20.5						
19.727		-10.4		-1.035		1.1		-0.0007		53.2		10.8						
19.824		-0.9		-1.018		3.7		0.0024		53.6		0.9						
19.922		7.0		-1.006		4.9		-0.0007		53.5		-7.0						
20.020		14.3		-0.983		2.4		-0.0007		53.3		-14.1						
20.117		27.0		-0.962		2.4		-0.0022		53.2		-25.9						
20.215		36.1		-0.943		1.1		-0.0007		53.2		-34.0						
20.313		46.1		-0.930		1.1		-0.0007		53.2		-42.9						
20.410		53.0		-0.901		2.4		-0.0007		53.3		-47.8						
20.508		64.3		-0.888		1.1		-0.0007		53.2		-57.2						
20.605		73.0		-0.867		1.1		-0.0007		53.2		-63.3						
20.703		80.4		-0.840		1.1		0.0009		53.3		-67.6						
20.801		89.6		-0.829		3.7		0.0009		53.5		-74.3						
20.898		96.5		-0.810		3.7		-0.0022		53.3		-78.2						
20.996		103.0		-0.796		-1.4		-0.0037		52.7		-82.0						
21.094		106.1		-0.769		1.1		0.0009		53.3		-81.5						
21.191		115.7		-0.745		3.7		-0.0022		53.3		-86.2						
21.289		123.0		-0.729		1.1		-0.0022		53.1		-89.7						
21.387		128.3		-0.712		1.1		0.0009		53.3		-91.3						
21.484		136.5		-0.680		2.4		-0.0007		53.3		-92.9						
21.582		143.5		-0.653		3.7		-0.0007		53.4		-93.7						
21.680		150.4		-0.634		1.1		-0.0022		53.1		-95.4						
21.777		157.4		-0.615		-0.2		-0.0007		53.1		-96.8						
21.875		163.0		-0.582		1.1		0.0009		53.3		-94.8						
21.973		165.7		-0.559		3.7		-0.0007		53.4		-92.5						
22.070		171.3		-0.546		1.1		-0.0037		52.9		-93.5						
22.168		177.0		-0.514		1.1		-0.0007		53.2		-91.0						
22.266		181.7		-0.470		1.1		-0.0022		53.1		-85.5						
22.363		188.3		-0.454		1.1		-0.0007		53.2		-85.4						
22.461		191.3		-0.416		1.1		-0.0007		53.2		-79.5						
22.559		196.1		-0.393		1.1		-0.0022		53.1		-77.0						
22.656		202.6		-0.346		1.1		-0.0022		53.1		-70.2						
22.754		208.3		-0.328		1.1		-0.0007		53.2		-68.2						
22.852		213.0		-0.304		2.4		-0.0007		53.3		-64.9						
22.949		217.8		-0.269		3.7		-0.0022		53.3		-58.5						
23.047		223.0		-0.233		-0.2		-0.0037		52.8		-52.0						
23.145		228.3		-0.206		-0.2		0.0009		53.2		-47.0						
23.242		227.0		-0.157		2.4		-0.0022		53.2		-35.7						
23.340		233.5		-0.122		1.1		-0.0022		53.1		-28.4						
23.438		243.0		-0.082		1.1		-0.0007		53.2		-19.9						
23.535		246.1		-0.048		2.4		0.0009		53.4		-11.9						
23.633		249.6		0.000		2.4		0.0024		53.5		0.0						
23.730		253.9		0.010		1.1		0.0009		53.3		2.7						
23.828		259.1		0.057		-1.4		0.0039		53.3		14.7						
23.926		264.8		0.090		1.1		0.0039		53.5		23.9						
24.023		263.0		0.126		3.7		0.0039		53.7		33.1						
24.121		267.4		0.164		-0.2		-0.0007		53.1		43.8						
24.219		271.7		0.206		1.1		0.0024		53.4		55.9						
24.316		271.3		0.231		-0.2		0.0024		53.3		62.7						
24.414		270.4		0.265		-0.2		0.0009		53.2		71.5						
24.512		272.6		0.304		1.1		0.0024		53.4		83.0						
24.609		271.7		0.336		2.4		0.0024		53.5		91.3						
24.707		271.3		0.346		-0.2		0.0024		53.3		94.0						
24.805		274.8		0.391		1.1		0.0039		53.5		107.3						
24.902		270.4		0.424		2.4		0.0039		53.6		114.7						
25.000		269.6		0.449		2.4		0.0024		53.5		121.1						
25.098		270.0		0.483		-2.7		-0.0007		52.9		130.4						
25.195		269.1		0.504		-0.2		0.0055		53.5		135.6						
25.293		263.9		0.540		1.1		0.0055		53.6		142.4						
25.391		265.2		0.561		1.1		0.0024		53.4		148.7						
25.488		261.7		0.586		-0.2		0.0024		53.3		153.3						
25.586		259.6		0.622		1.1		0.0039		53.5		161.3						
25.684		257.0		0.638		2.4		0.0024		53.5		164.0						
25.781		253.5		0.666		2.4		0.0024		53.5		168.7						
25.879		250.4		0.687		-1.4		0.0039		53.3		172.0						
25.977		243.5		0.714		-0.2		0.0055		53.5		173.8						
26.074		238.3		0.731		4.9		0.0039		53.8		174.1						
26.172		239.1		0.769		-0.2		-0.0007		53.1		183.8						
26.270		231.3		0.790		-0.2		0.0024		53.3		182.6						
26.367		230.9		0.800		1.1		0.0039		53.5		184.7						
26.465		224.8		0.810		1.1		0.0039		53.5		182.2						
26.563		222.2		0.840		1.1		0.0039		53.5		186.6						
26.660		218.3		0.852		1.1		0.0039		53.5		186.1						
26.758		213.9		0.876		1.1		0.0009		53.3		187.3						
26.855		208.7		0.907		1.1		0.0039		53.5		189.3						
26.953		200.0		0.915		2.4		0.0039		53.6		183.1						
27.051		198.7		0.943		2.4		0.0024		53.5		187.3						
27.148		191.7		0.949		1.1		0.0009		53.3		182.0						
27.246		187.8		0.962		-0.2		0.0055		53.5		180.6						
27.344		184.8		0.976		3.7		-0.0053		53.0		180.4						
27.441		180.4		1.014		1.1		0.0009		53.3		183.0						
27.539		174.8		1.025		-0.2		0.0024		53.3		179.1						
27.637		167.8		1.025		1.1		0.0039		53.5		172.0						
27.734		162.6		1.054		2.4		0.0024		53.5		171.4						
27.832		157.0		1.056		2.4		0.0009		53.4		165.8						
27.930		151.3		1.073		1.1		0.0024		53.4		162.3						
28.027		142.2		1.088		1.1		0.0039		53.5		154.6						
28.125		140.4		1.086		3.7		0.0039		53.7		152.5						
28.223		133.5		1.102		1.1		-0.0022		53.1		147.1						
28.320		123.0		1.102		-10.4		0.0039		52.6		135.6						
28.418		115.7		1.102		-0.2		0.0024		53.3		127.5						
28.516		106.5		1.111		1.1		0.0024		53.4		118.3						
28.613		102.2		1.113		-0.2		0.0039		53.4		113.7						
28.711		93.0		1.102		1.1		0.0009		53.3		102.6						
28.809		83.5		1.104		1.1		0.0009		53.3		92.2						
28.906		75.2		1.100		1.1		0.0024		53.4		82.8						
29.004		69.1		1.094		2.4		0.0039		53.6		75.6						
29.102		60.4		1.086		2.4		0.0024		53.5		65.6						
29.199		53.5		1.075		-1.4		-0.0007		53.0		57.5						
29.297		44.3		1.075		-0.2		0.0039		53.4		47.7						
29.395		36.5		1.069		2.4		0.0039		53.6		39.0						
29.492		26.1		1.062		1.1		0.0024		53.4		27.7						
29.590		20.0		1.044		-0.2		0.0024		53.3		20.9						
29.688		12.6		1.033		1.1		0.0039		53.5		13.0						
29.785		3.0		1.020		2.4		0.0024		53.5		3.1						
29.883		-8.3		1.002		-0.2		0.0009		53.2		-8.3						
29.980		-18.7		0.978		-0.2		0.0009		53.2		-18.3						
30.078		-25.7		0.968		-0.2		0.0024		53.3		-24.8						
30.176		-35.7		0.949		3.7		0.0024		53.6		-33.8						
30.273		-44.3		0.930		-0.2		-0.0022		52.9		-41.3						
30.371		-55.7		0.905		-2.7		0.0024		53.1		-50.4						
30.469		-65.7		0.899		-0.2		0.0009		53.2		-59.0						
30.566		-71.3		0.869		-0.2		0.0024		53.3		-62.0						
30.664		-81.3		0.857		1.1		0.0039		53.5		-69.7						
30.762		-87.4		0.836		2.4		0.0024		53.5		-73.0						
30.859		-92.6		0.823		-0.2		0.0009		53.2		-76.2						
30.957		-103.9		0.804		-0.2		0.0024		53.3		-83.6						
31.055		-110.9		0.777		1.1		0.0055		53.6		-86.1						
31.152		-117.8		0.752		2.4		0.0024		53.5		-88.6						
31.250		-123.0		0.735		-0.2		-0.0007		53.1		-90.4						
31.348		-132.2		0.703		-0.2		0.0039		53.4		-93.0						
31.445		-138.3		0.666		-0.2		0.0039		53.4		-92.0						
31.543		-141.7		0.647		1.1		0.0039		53.5		-91.7						
31.641		-153.0		0.638		-0.2		0.0024		53.3		-97.7						
31.738		-155.2		0.607		1.1		0.0024		53.4		-94.2						
31.836		-163.5		0.582		1.1		0.0024		53.4		-95.1						
31.934		-165.7		0.554		1.1		0.0009		53.3		-91.8						
32.031		-169.1		0.540		-1.4		0.0009		53.1		-91.3						
32.129		-178.3		0.504		-0.2		0.0039		53.4		-89.8						
32.227		-183.0		0.481		3.7		0.0039		53.7		-88.0						
32.324		-187.0		0.437		-0.2		-0.0037		52.8		-81.7						
32.422		-192.6		0.418		-0.2		0.0024		53.3		-80.5						
32.520		-199.6		0.380		-0.2		0.0024		53.3		-75.8						
32.617		-202.2		0.363		-0.2		0.0024		53.3		-73.4						
32.715		-207.0		0.328		1.1		0.0024		53.4		-67.8						
32.813		-212.2		0.292		-0.2		0.0009		53.2		-61.9						
32.910		-214.3		0.254		-0.2		0.0024		53.3		-54.5						
33.008		-219.6		0.220		-0.2		0.0024		53.3		-48.4						
33.105		-225.7		0.193		2.4		0.0055		53.7		-43.6						
33.203		-231.3		0.162		1.1		0.0024		53.4		-37.4						
33.301		-235.7		0.120		-1.4		-0.0007		53.0		-28.2						
33.398		-243.9		0.086		-2.7		0.0039		53.2		-21.0						
33.496		-243.5		0.046		1.1		0.0039		53.5		-11.2						
33.594		-247.8		0.019		-0.2		0.0009		53.2		-4.7						
33.691		-254.3		-0.031		-0.2		-0.0007		53.1		8.0						
33.789		-257.8		-0.061		-0.2		-0.0007		53.1		15.7						
33.887		-262.2		-0.094		-2.7		-0.0007		52.9		24.8						
33.984		-267.0		-0.126		-2.7		-0.0022		52.7		33.6						
34.082		-268.7		-0.166		-4.0		-0.0007		52.7		44.6						
34.180		-272.2		-0.202		-4.0		0.0009		52.9		54.9						
34.277		-271.3		-0.246		-1.4		-0.0007		53.0		66.7						
34.375		-273.0		-0.275		-2.7		-0.0053		52.5		75.1						
34.473		-270.0		-0.304		-4.0		-0.0007		52.7		82.2						
34.570		-271.3		-0.338		-5.3		-0.0007		52.6		91.7						
34.668		-270.0		-0.355		-2.7		-0.0007		52.9		95.8						
34.766		-273.0		-0.399		-4.0		-0.0007		52.7		108.9						
34.863		-271.7		-0.426		-2.7		-0.0037		52.6		115.8						
34.961		-272.6		-0.456		-2.7		-0.0053		52.5		124.2						
35.059		-269.1		-0.487		-2.7		-0.0022		52.7		131.1						
35.156		-267.4		-0.506		-1.4		0.0009		53.1		135.3						
35.254		-267.0		-0.538		-0.2		-0.0022		52.9		143.5						
35.352		-265.7		-0.569		-4.0		-0.0068		52.3		151.2						
35.449		-262.2		-0.594		-6.5		-0.0022		52.4		155.8						
35.547		-259.6		-0.626		-1.4		-0.0007		53.0		162.4						
35.645		-257.4		-0.645		-2.7		-0.0037		52.6		165.9						
35.742		-253.5		-0.661		-4.0		-0.0022		52.6		167.7						
35.840		-249.6		-0.695		-2.7		-0.0037		52.6		173.5						
35.938		-247.4		-0.716		-2.7		-0.0037		52.6		177.1						
36.035		-243.0		-0.735		-1.4		-0.0037		52.7		178.6						
36.133		-239.6		-0.754		-5.3		-0.0037		52.4		180.6						
36.230		-235.2		-0.769		-2.7		-0.0007		52.9		180.8						
36.328		-230.4		-0.798		-0.2		-0.0007		53.1		183.9						
36.426		-224.3		-0.825		-2.7		-0.0053		52.5		185.1						
36.523		-221.7		-0.844		-4.0		-0.0022		52.6		187.2						
36.621		-216.5		-0.865		-4.0		-0.0022		52.6		187.3						
36.719		-212.6		-0.884		-4.0		-0.0037		52.5		187.9						
36.816		-205.7		-0.890		-2.7		-0.0007		52.9		183.1						
36.914		-202.2		-0.911		-1.4		-0.0022		52.8		184.2						
37.012		-199.6		-0.951		-2.7		-0.0037		52.6		189.8						
37.109		-193.0		-0.943		-5.3		-0.0022		52.5		182.0						
37.207		-187.8		-0.976		-2.7		0.0024		53.1		183.4						
37.305		-186.5		-0.987		1.1		-0.0022		53.1		184.1						
37.402		-180.9		-1.010		-2.7		-0.0068		52.4		182.7						
37.500		-175.2		-1.025		-6.5		-0.0022		52.4		179.5						
37.598		-170.0		-1.039		-0.2		0.0024		53.3		176.7						
37.695		-164.3		-1.052		-6.5		-0.0022		52.4		172.9						
37.793		-154.8		-1.065		-2.7		-0.0037		52.6		164.8						
37.891		-152.2		-1.073		-2.7		-0.0007		52.9		163.3						
37.988		-145.2		-1.077		-1.4		-0.0007		53.0		156.4						
38.086		-139.1		-1.079		-1.4		-0.0037		52.7		150.2						
38.184		-131.3		-1.100		-4.0		-0.0037		52.5		144.5						
38.281		-125.2		-1.109		-2.7		-0.0007		52.9		138.8						
38.379		-113.5		-1.121		-1.4		-0.0007		53.0		127.2						
38.477		-106.5		-1.111		-1.4		-0.0037		52.7		118.3						
38.574		-100.4		-1.111		-4.0		-0.0022		52.6		111.6						
38.672		-92.6		-1.115		-4.0		-0.0037		52.5		103.3						
38.770		-86.5		-1.121		-2.7		-0.0022		52.7		97.0						
38.867		-76.1		-1.111		-2.7		-0.0022		52.7		84.5						
38.965		-69.1		-1.096		-1.4		-0.0022		52.8		75.8						
39.063		-63.0		-1.088		-1.4		-0.0037		52.7		68.6						
39.160		-54.3		-1.088		-4.0		-0.0022		52.6		59.1						
39.258		-47.4		-1.077		-1.4		-0.0007		53.0		51.0						
39.355		-37.0		-1.073		-1.4		-0.0037		52.7		39.7						
39.453		-29.6		-1.056		-2.7		-0.0037		52.6		31.2						
39.551		-20.4		-1.046		-6.5		-0.0037		52.3		21.4						
39.648		-10.0		-1.039		-0.2		0.0024		53.3		10.4						
39.746		-4.3		-1.027		-2.7		-0.0037		52.6		4.5						
39.844		7.8		-1.002		-5.3		-0.0022		52.5		-7.8						
39.941		16.1		-0.983		-4.0		-0.0022		52.6		-15.8						
40.039		27.4		-0.974		-2.7		-0.0022		52.7		-26.7						
40.137		34.8		-0.951		-2.7		-0.0022		52.7		-33.1						
40.234		44.3		-0.939		-5.3		-0.0007		52.6		-41.6						
40.332		54.3		-0.913		-2.7		-0.0007		52.9		-49.6						
40.430		64.8		-0.901		-1.4		-0.0007		53.0		-58.4						
40.527		73.0		-0.869		-2.7		-0.0022		52.7		-63.5						
40.625		80.0		-0.852		-6.5		-0.0007		52.5		-68.2						
40.723		88.7		-0.846		-2.7		-0.0022		52.7		-75.1						
40.820		94.8		-0.817		-4.0		-0.0022		52.6		-77.4						
40.918		103.0		-0.794		-4.0		-0.0022		52.6		-81.8						
41.016		110.4		-0.781		-2.7		-0.0022		52.7		-86.3						
41.113		117.4		-0.756		-4.0		-0.0037		52.5		-88.7						
41.211		123.9		-0.735		-4.0		-0.0022		52.6		-91.1						
41.309		127.8		-0.695		-4.0		-0.0007		52.7		-88.8						
41.406		137.4		-0.680		-1.4		-0.0022		52.8		-93.5						
41.504		141.7		-0.668		-4.0		-0.0053		52.4		-94.6						
41.602		151.7		-0.643		-7.8		-0.0022		52.3		-97.5						
41.699		153.9		-0.609		-1.4		0.0024		53.2		-93.7						
41.797		158.7		-0.584		1.1		-0.0022		53.1		-92.6						
41.895		167.4		-0.571		-5.3		-0.0022		52.5		-95.6						
41.992		170.9		-0.538		-2.7		0.0009		53.0		-91.8						
42.090		178.7		-0.510		-2.7		-0.0037		52.6		-91.2						
42.188		180.9		-0.479		-2.7		-0.0037		52.6		-86.6						
42.285		186.1		-0.462		-4.0		-0.0022		52.6		-86.0						
42.383		193.9		-0.430		-2.7		-0.0007		52.9		-83.5						
42.480		198.3		-0.388		-1.4		-0.0007		53.0		-77.0						
42.578		205.7		-0.372		-2.7		-0.0022		52.7		-76.4						
42.676		206.5		-0.342		-6.5		-0.0022		52.4		-70.7						
42.773		210.4		-0.302		-4.0		-0.0022		52.6		-63.6						
42.871		217.0		-0.277		-4.0		-0.0022		52.6		-60.1						
42.969		221.3		-0.237		-4.0		-0.0022		52.6		-52.5						
43.066		226.5		-0.202		-2.7		-0.0022		52.7		-45.7						
43.164		231.7		-0.183		-4.0		-0.0022		52.6		-42.3						
43.262		236.1		-0.124		-4.0		-0.0022		52.6		-29.2						
43.359		240.9		-0.097		-4.0		-0.0007		52.7		-23.3						
43.457		244.8		-0.057		-1.4		-0.0022		52.8		-13.9						
43.555		247.4		-0.021		-4.0		-0.0053		52.4		-5.2						
43.652		250.9		0.021		-7.8		0.0009		52.5		5.3						
43.750		257.0		0.055		-1.4		0.0070		53.5		14.0						
43.848		261.3		0.101		-4.0		-0.0007		52.7		26.3						
43.945		264.3		0.126		-4.0		0.0009		52.9		33.3						
44.043		269.1		0.164		-4.0		0.0009		52.9		44.1						
44.141		270.9		0.206		-2.7		0.0024		53.1		55.7						
44.238		270.4		0.237		-4.0		-0.0007		52.7		64.2						
44.336		271.7		0.271		-4.0		-0.0007		52.7		73.6						
44.434		270.4		0.302		-2.7		0.0024		53.1		81.8						
44.531		270.4		0.338		-0.2		0.0024		53.3		91.4						
44.629		270.4		0.355		-1.4		0.0024		53.2		96.0						
44.727		272.6		0.391		-7.8		0.0024		52.7		106.5						
44.824		269.6		0.418		-4.0		-0.0022		52.6		112.6						
44.922		270.9		0.460		-2.7		-0.0007		52.9		124.6						
45.020		268.3		0.477		-4.0		-0.0007		52.7		127.9						
45.117		271.7		0.506		-2.7		-0.0007		52.9		137.5						
45.215		267.8		0.533		-2.7		-0.0007		52.9		142.8						
45.313		263.9		0.567		-2.7		-0.0007		52.9		149.6						
45.410		261.3		0.598		-2.7		0.0009		53.0		156.4						
45.508		260.0		0.632		-1.4		-0.0007		53.0		164.3						
45.605		258.7		0.636		-2.7		-0.0037		52.6		164.6						
45.703		255.7		0.668		-6.5		-0.0007		52.5		170.7						
45.801		248.3		0.691		-0.2		0.0085		53.7		171.5						
45.898		246.1		0.699		-2.7		-0.0007		52.9		172.1						
45.996		243.9		0.731		-2.7		0.0009		53.0		178.2						
46.094		236.1		0.756		-2.7		-0.0007		52.9		178.5						
46.191		236.1		0.792		-1.4		0.0009		53.1		186.9						
46.289		232.2		0.796		-1.4		-0.0007		53.0		184.8						
46.387		227.4		0.821		-4.0		-0.0007		52.7		186.7						
46.484		221.7		0.844		-2.7		0.0024		53.1		187.2						
46.582		217.8		0.859		-1.4		0.0009		53.1		187.1						
46.680		211.7		0.892		-0.2		0.0024		53.3		189.0						
46.777		207.0		0.909		-6.5		0.0009		52.6		188.2						
46.875		203.5		0.920		-1.4		-0.0068		52.5		187.1						
46.973		197.4		0.943		-2.7		-0.0007		52.9		186.1						
47.070		191.7		0.962		-2.7		0.0009		53.0		184.4						
47.168		190.4		0.960		-1.4		0.0009		53.1		182.7						
47.266		183.0		0.999		-4.0		-0.0007		52.7		182.9						
47.363		178.7		0.999		-4.0		-0.0007		52.7		178.6						
47.461		174.3		1.016		-2.7		0.0009		53.0		177.2						
47.559		171.3		1.023		1.1		0.0009		53.3		175.2						
47.656		161.3		1.048		-1.4		-0.0022		52.8		169.0						
47.754		157.4		1.052		-5.3		-0.0022		52.5		165.6						
47.852		152.6		1.058		-2.7		0.0070		53.4		161.5						
47.949		146.5		1.090		-0.2		0.0009		53.2		159.7						
48.047		137.4		1.088		-4.0		-0.0022		52.6		149.4						
48.145		131.3		1.088		-4.0		0.0024		53.0		142.8						
48.242		123.5		1.107		-1.4		0.0009		53.1		136.6						
48.340		117.0		1.117		-2.7		-0.0007		52.9		130.6						
48.438		108.3		1.119		-2.7		-0.0022		52.7		121.2						
48.535		100.4		1.119		-1.4		0.0009		53.1		112.4						
48.633		93.9		1.111		-0.2		0.0024		53.3		104.3						
48.730		86.1		1.117		-2.7		-0.0007		52.9		96.2						
48.828		77.0		1.109		-9.1		0.0009		52.4		85.3						
48.926		68.7		1.111		-5.3		-0.0037		52.4		76.3						
49.023		60.0		1.094		-6.5		-0.0022		52.4		65.6						
49.121		53.5		1.086		-6.5		-0.0007		52.5		58.1						
49.219		45.7		1.088		-4.0		-0.0007		52.7		49.7						
49.316		39.1		1.071		-5.3		-0.0007		52.6		41.9						
49.414		30.4		1.062		-7.8		-0.0007		52.4		32.3						
49.512		21.7		1.044		-5.3		0.0009		52.8		22.7						
49.609		14.8		1.039		-2.7		-0.0007		52.9		15.4						
49.707		2.2		1.014		-5.3		-0.0037		52.4		2.2						
49.805		-7.0		1.006		-9.1		-0.0022		52.2		-7.0						
49.902		-15.2		0.976		-5.3		0.0024		52.9		-14.9						
