Oscilloscope Trace Export		
Festo Didactic LVDAC-EMS 3.21		
		
		
		Ch1		Ch2		Ch3		Ch4		Ch5		Ch6		Ch7		Ch8		
Time 		E1		I1		AI8		AI7		Pm		P1		Off		Off		
(ms)		(V)		(A)		(r/min)		(N·m)		(W)		(W)		()		()		
0.000		8.7		-0.554		15.5		0.0109		164.5		-4.8						
0.098		25.7		-0.538		18.0		0.0109		164.8		-13.8						
0.195		47.8		-0.508		16.7		0.0079		164.2		-24.3						
0.293		66.5		-0.500		14.2		0.0094		164.1		-33.2						
0.391		85.2		-0.489		16.7		0.0094		164.4		-41.7						
0.488		101.3		-0.468		16.7		0.0079		164.2		-47.4						
0.586		124.3		-0.451		14.2		0.0094		164.1		-56.1						
0.684		143.5		-0.435		15.5		0.0140		165.0		-62.4						
0.781		160.4		-0.401		10.4		0.0094		163.7		-64.3						
0.879		178.3		-0.355		16.7		0.0140		165.1		-63.3						
0.977		191.7		-0.315		16.7		0.0079		164.2		-60.4						
1.074		204.8		-0.286		16.7		0.0094		164.4		-58.5						
1.172		217.0		-0.218		18.0		0.0109		164.8		-47.4						
1.270		233.9		-0.181		18.0		0.0048		163.9		-42.2						
1.367		247.4		-0.067		15.5		0.0048		163.6		-16.6						
1.465		263.5		0.027		12.9		0.0125		164.4		7.2						
1.563		273.5		0.010		16.7		0.0155		165.3		2.9						
1.660		284.8		0.006		5.3		0.0125		163.5		1.8						
1.758		302.6		0.000		16.7		0.0109		164.7		0.0						
1.855		312.2		0.002		16.7		0.0109		164.7		0.7						
1.953		322.6		0.004		14.2		0.0109		164.4		1.4						
2.051		335.2		0.006		15.5		0.0125		164.7		2.1						
2.148		345.2		0.000		16.7		0.0140		165.1		0.0						
2.246		356.5		0.006		18.0		0.0109		164.8		2.2						
2.344		368.7		0.004		15.5		0.0125		164.7		1.5						
2.441		379.6		-0.002		15.5		0.0125		164.7		-0.8						
2.539		388.3		-0.004		15.5		0.0109		164.5		-1.6						
2.637		398.3		0.006		14.2		0.0109		164.4		2.5						
2.734		408.3		0.010		14.2		0.0109		164.4		4.3						
2.832		420.9		-0.004		16.7		0.0125		164.9		-1.8						
2.930		430.0		-0.004		15.5		0.0125		164.7		-1.8						
3.027		439.1		0.004		15.5		0.0109		164.5		1.8						
3.125		450.4		-0.006		15.5		0.0125		164.7		-2.8						
3.223		459.6		-0.004		16.7		0.0140		165.1		-1.9						
3.320		474.8		0.002		16.7		0.0094		164.4		1.0						
3.418		477.4		-0.006		14.2		0.0094		164.1		-3.0						
3.516		489.6		-0.010		11.6		0.0125		164.3		-5.1						
3.613		501.7		-0.006		18.0		0.0171		165.7		-3.2						
3.711		509.6		0.010		14.2		0.0094		164.1		5.3						
3.809		520.0		0.000		16.7		0.0109		164.7		0.0						
3.906		527.0		0.010		16.7		0.0094		164.4		5.5						
4.004		533.5		-0.006		15.5		0.0094		164.3		-3.4						
4.102		541.3		-0.008		15.5		0.0125		164.7		-4.5						
4.199		551.7		0.004		18.0		0.0140		165.3		2.3						
4.297		557.4		-0.008		16.7		0.0094		164.4		-4.7						
4.395		556.1		0.006		16.7		0.0186		165.8		3.5						
4.492		555.7		-0.008		18.0		0.0125		165.0		-4.7						
4.590		559.1		-0.006		15.5		0.0094		164.3		-3.5						
4.688		557.0		0.002		15.5		0.0109		164.5		1.2						
4.785		557.8		-0.002		15.5		0.0094		164.3		-1.2						
4.883		560.9		0.006		14.2		0.0109		164.4		3.5						
4.980		558.3		0.000		16.7		0.0094		164.4		0.0						
5.078		557.8		-0.002		15.5		0.0094		164.3		-1.2						
5.176		560.0		-0.008		15.5		0.0109		164.5		-4.7						
5.273		552.6		-0.006		16.7		0.0140		165.1		-3.5						
5.371		551.7		-0.015		18.0		0.0109		164.8		-8.1						
5.469		545.2		0.004		15.5		0.0079		164.1		2.3						
5.566		545.2		-0.004		12.9		0.0109		164.2		-2.3						
5.664		537.8		0.000		19.3		0.0125		165.2		0.0						
5.762		530.4		0.000		-5.0		0.0094		161.9		0.0						
5.859		525.7		-0.002		14.2		0.0125		164.6		-1.1						
5.957		517.8		0.000		16.7		0.0109		164.7		0.0						
6.055		508.3		-0.010		14.2		0.0094		164.1		-5.3						
6.152		500.9		0.000		14.2		0.0094		164.1		0.0						
6.250		490.9		0.006		19.3		0.0155		165.6		3.1						
6.348		482.6		-0.002		18.0		0.0094		164.6		-1.0						
6.445		474.8		-0.004		16.7		0.0125		164.9		-2.0						
6.543		467.4		0.006		15.5		0.0125		164.7		2.9						
6.641		460.4		0.006		15.5		0.0109		164.5		2.9						
6.738		449.1		0.000		15.5		0.0109		164.5		0.0						
6.836		440.4		0.010		15.5		0.0109		164.5		4.6						
6.934		430.0		-0.006		15.5		0.0125		164.7		-2.7						
7.031		420.0		0.006		16.7		0.0109		164.7		2.6						
7.129		410.9		-0.002		16.7		0.0109		164.7		-0.9						
7.227		401.7		-0.008		15.5		0.0109		164.5		-3.4						
7.324		389.1		0.013		16.7		0.0125		164.9		4.9						
7.422		383.0		0.010		20.6		0.0140		165.6		4.0						
7.520		374.3		0.000		15.5		0.0079		164.1		0.0						
7.617		364.8		-0.004		14.2		0.0125		164.6		-1.5						
7.715		351.7		0.000		19.3		0.0094		164.7		0.0						
7.813		340.9		0.010		12.9		0.0109		164.2		3.6						
7.910		328.3		-0.002		15.5		0.0094		164.3		-0.7						
8.008		316.5		0.002		16.7		0.0109		164.7		0.7						
8.105		304.3		-0.002		16.7		0.0094		164.4		-0.6						
8.203		290.0		0.002		15.5		0.0125		164.7		0.6						
8.301		273.9		0.000		18.0		0.0171		165.7		0.0						
8.398		263.5		0.000		18.0		0.0094		164.6		0.0						
8.496		249.6		-0.004		16.7		0.0002		163.1		-1.0						
8.594		232.2		-0.013		16.7		0.0125		164.9		-2.9						
8.691		215.2		0.004		16.7		0.0094		164.4		0.9						
8.789		199.1		0.000		15.5		0.0079		164.1		0.0						
8.887		184.3		-0.002		16.7		0.0094		164.4		-0.4						
8.984		162.2		0.000		15.5		0.0109		164.5		0.0						
9.082		148.7		-0.004		16.7		0.0094		164.4		-0.6						
9.180		137.4		0.004		16.7		0.0079		164.2		0.6						
9.277		120.4		0.004		15.5		0.0094		164.3		0.5						
9.375		104.3		-0.006		18.0		0.0125		165.0		-0.7						
9.473		86.5		-0.004		16.7		0.0094		164.4		-0.4						
9.570		73.9		0.004		16.7		0.0063		164.0		0.3						
9.668		50.4		0.006		12.9		0.0063		163.5		0.3						
9.766		32.2		0.000		16.7		0.0155		165.3		0.0						
9.863		14.3		0.004		16.7		0.0079		164.2		0.1						
9.961		-3.9		0.013		15.5		0.0094		164.3		0.0						
10.059		-26.1		-0.010		16.7		0.0094		164.4		0.3						
10.156		-46.5		-0.004		12.9		0.0063		163.5		0.2						
10.254		-64.3		-0.002		15.5		0.0094		164.3		0.1						
10.352		-85.2		-0.004		18.0		0.0125		165.0		0.4						
10.449		-103.9		0.000		18.0		0.0079		164.4		0.0						
10.547		-121.3		0.004		15.5		0.0063		163.8		-0.5						
10.645		-139.1		-0.002		16.7		0.0094		164.4		0.3						
10.742		-159.6		0.006		15.5		0.0079		164.1		-1.0						
10.840		-177.0		-0.008		16.7		0.0063		164.0		1.5						
10.938		-187.4		0.000		15.5		0.0094		164.3		0.0						
11.035		-203.9		-0.010		16.7		0.0094		164.4		2.1						
11.133		-218.3		0.006		16.7		0.0094		164.4		-1.4						
11.230		-230.9		0.013		15.5		0.0063		163.8		-2.9						
11.328		-243.5		-0.010		14.2		0.0079		163.9		2.6						
11.426		-260.0		0.000		15.5		0.0125		164.7		0.0						
11.523		-275.2		-0.004		18.0		0.0094		164.6		1.2						
11.621		-287.8		-0.006		14.2		0.0048		163.5		1.8						
11.719		-300.9		-0.008		12.9		0.0094		164.0		2.5						
11.816		-312.2		-0.004		16.7		0.0109		164.7		1.3						
11.914		-323.5		-0.013		16.7		0.0094		164.4		4.1						
12.012		-333.5		0.006		14.2		0.0094		164.1		-2.1						
12.109		-345.7		-0.010		16.7		0.0094		164.4		3.6						
12.207		-355.2		0.000		15.5		0.0079		164.1		0.0						
12.305		-371.3		0.004		15.5		0.0094		164.3		-1.6						
12.402		-377.8		0.002		16.7		0.0125		164.9		-0.8						
12.500		-388.3		-0.015		16.7		0.0079		164.2		5.7						
12.598		-396.5		-0.006		14.2		0.0094		164.1		2.5						
12.695		-409.6		0.002		4.0		0.0109		163.2		-0.9						
12.793		-417.4		-0.004		4.0		0.0079		162.7		1.8						
12.891		-430.4		0.004		4.0		0.0079		162.7		-1.8						
12.988		-439.1		-0.004		2.7		0.0079		162.6		1.8						
13.086		-453.5		0.002		4.0		0.0109		163.2		-1.0						
13.184		-458.7		0.004		5.3		0.0109		163.3		-1.9						
13.281		-471.3		-0.006		4.0		0.0094		162.9		3.0						
13.379		-480.0		0.004		1.4		0.0079		162.4		-2.0						
13.477		-489.6		0.008		2.7		0.0125		163.2		-4.1						
13.574		-499.1		-0.013		6.5		0.0094		163.2		6.3						
13.672		-508.7		-0.002		4.0		0.0079		162.7		1.1						
13.770		-521.7		0.008		0.2		0.0094		162.5		-4.4						
13.867		-527.0		0.000		2.7		0.0109		163.0		0.0						
13.965		-537.4		0.002		5.3		0.0079		162.9		-1.1						
14.063		-545.2		-0.006		2.7		0.0079		162.6		3.4						
14.160		-548.7		0.000		4.0		0.0094		162.9		0.0						
14.258		-555.7		0.002		2.7		0.0079		162.6		-1.2						
14.355		-561.3		0.004		1.4		0.0094		162.6		-2.4						
14.453		-558.7		0.000		2.7		0.0125		163.2		0.0						
14.551		-557.0		-0.004		5.3		0.0094		163.1		2.3						
14.648		-556.5		0.010		2.7		0.0079		162.6		-5.8						
14.746		-559.6		0.004		4.0		0.0109		163.2		-2.3						
14.844		-557.4		-0.006		4.0		0.0094		162.9		3.5						
14.941		-561.3		-0.002		2.7		0.0079		162.6		1.2						
15.039		-557.4		0.002		2.7		0.0094		162.8		-1.2						
15.137		-557.4		-0.004		2.7		0.0094		162.8		2.3						
15.234		-554.3		0.000		5.3		0.0094		163.1		0.0						
15.332		-550.0		-0.002		2.7		0.0079		162.6		1.2						
15.430		-545.7		0.000		1.4		0.0094		162.6		0.0						
15.527		-542.6		0.004		2.7		0.0125		163.2		-2.3						
15.625		-537.0		-0.002		5.3		0.0109		163.3		1.1						
15.723		-535.2		0.000		5.3		0.0079		162.9		0.0						
15.820		-527.4		-0.004		0.2		0.0063		162.0		2.2						
15.918		-518.7		-0.008		4.0		0.0109		163.2		4.4						
16.016		-512.6		-0.010		6.5		0.0094		163.2		5.4						
16.113		-507.0		0.008		5.3		0.0109		163.3		-4.3						
16.211		-492.6		-0.004		5.3		0.0094		163.1		2.1						
16.309		-487.4		0.006		2.7		0.0063		162.3		-3.1						
16.406		-480.4		-0.013		4.0		0.0094		162.9		6.1						
16.504		-467.0		0.000		4.0		0.0125		163.4		0.0						
16.602		-462.6		-0.006		6.5		0.0094		163.2		2.9						
16.699		-453.0		0.004		2.7		0.0063		162.3		-1.9						
16.797		-441.7		-0.006		2.7		0.0109		163.0		2.8						
16.895		-430.9		-0.013		4.0		0.0094		162.9		5.4						
16.992		-423.0		0.002		4.0		0.0063		162.5		-0.9						
17.090		-411.7		0.000		2.7		0.0094		162.8		0.0						
17.188		-400.0		0.006		2.7		0.0109		163.0		-2.5						
17.285		-390.0		0.006		4.0		0.0109		163.2		-2.5						
17.383		-383.5		-0.004		4.0		0.0094		162.9		1.6						
17.480		-375.2		-0.006		2.7		0.0094		162.8		2.4						
17.578		-366.5		0.000		4.0		0.0109		163.2		0.0						
17.676		-356.1		-0.002		20.6		0.0125		165.3		0.7						
17.773		-344.3		0.006		18.0		0.0063		164.1		-2.2						
17.871		-335.2		-0.013		14.2		0.0094		164.1		4.2						
17.969		-323.5		-0.006		18.0		0.0079		164.4		2.0						
18.066		-308.3		0.002		21.8		0.0109		165.3		-0.6						
18.164		-293.5		-0.004		16.7		0.0109		164.7		1.2						
18.262		-279.6		0.006		18.0		0.0094		164.6		-1.8						
18.359		-263.5		-0.002		16.7		0.0079		164.2		0.6						
18.457		-248.3		0.008		15.5		0.0109		164.5		-2.1						
18.555		-231.3		0.004		19.3		0.0125		165.2		-1.0						
18.652		-214.8		0.002		21.8		0.0079		164.8		-0.5						
18.750		-200.0		0.000		16.7		0.0048		163.8		0.0						
18.848		-188.3		-0.004		25.7		0.0094		165.5		0.8						
18.945		-167.4		-0.006		18.0		0.0079		164.4		1.1						
19.043		-152.6		0.002		18.0		0.0063		164.1		-0.3						
19.141		-136.5		0.015		16.7		0.0063		164.0		-2.0						
19.238		-121.3		-0.008		18.0		0.0079		164.4		1.0						
19.336		-107.0		-0.002		18.0		0.0079		164.4		0.2						
19.434		-93.9		0.002		16.7		0.0079		164.2		-0.2						
19.531		-75.2		0.004		15.5		0.0063		163.8		-0.3						
19.629		-55.2		-0.006		16.7		0.0094		164.4		0.3						
19.727		-37.8		-0.004		19.3		0.0079		164.5		0.2						
19.824		-18.3		0.000		16.7		0.0033		163.5		0.0						
19.922		3.9		-0.004		12.9		0.0063		163.5		0.0						
20.020		22.6		0.021		16.7		0.0079		164.2		0.5						
20.117		43.5		0.008		23.1		0.0079		164.9		0.4						
20.215		61.3		-0.002		18.0		0.0079		164.4		-0.1						
20.313		80.0		0.013		18.0		0.0063		164.1		1.0						
20.410		100.0		0.010		16.7		0.0048		163.8		1.0						
20.508		115.7		0.008		14.2		0.0079		163.9		1.0						
20.605		135.7		0.008		16.7		0.0094		164.4		1.1						
20.703		154.8		0.002		20.6		0.0094		164.9		0.3						
20.801		170.9		0.002		15.5		0.0017		163.2		0.4						
20.898		186.1		-0.008		12.9		0.0094		164.0		-1.6						
20.996		203.5		-0.015		18.0		0.0094		164.6		-3.0						
21.094		217.4		-0.004		18.0		0.0079		164.4		-0.9						
21.191		228.3		-0.006		16.7		0.0079		164.2		-1.4						
21.289		242.6		-0.002		18.0		0.0079		164.4		-0.5						
21.387		257.8		0.002		18.0		0.0079		164.4		0.5						
21.484		271.3		0.008		18.0		0.0063		164.1		2.3						
21.582		285.7		0.002		16.7		0.0063		164.0		0.6						
21.680		298.3		0.002		16.7		0.0094		164.4		0.6						
21.777		310.4		-0.004		18.0		0.0094		164.6		-1.3						
21.875		321.7		0.002		16.7		0.0033		163.5		0.7						
21.973		333.9		0.000		15.5		0.0063		163.8		0.0						
22.070		342.2		-0.013		15.5		0.0079		164.1		-4.3						
22.168		354.3		0.000		21.8		0.0063		164.6		0.0						
22.266		364.3		0.002		16.7		0.0094		164.4		0.8						
22.363		375.7		0.002		18.0		0.0079		164.4		0.8						
22.461		387.0		0.015		16.7		0.0048		163.8		5.7						
22.559		393.0		-0.006		15.5		0.0063		163.8		-2.5						
22.656		402.6		0.000		0.2		0.0109		162.7		0.0						
22.754		418.7		-0.002		1.4		0.0063		162.2		-0.9						
22.852		427.4		-0.013		-3.7		0.0033		161.2		-5.4						
22.949		438.3		0.006		-5.0		0.0079		161.7		2.8						
23.047		450.0		0.000		-2.4		0.0063		161.7		0.0						
23.145		460.0		0.000		-2.4		0.0063		161.7		0.0						
23.242		470.9		0.000		0.2		0.0079		162.3		0.0						
23.340		480.9		-0.002		-2.4		0.0079		162.0		-1.0						
23.438		487.4		-0.008		-1.1		0.0079		162.1		-4.1						
23.535		496.5		0.006		-2.4		0.0063		161.7		3.1						
23.633		507.4		-0.008		-3.7		0.0048		161.4		-4.3						
23.730		515.2		0.004		-2.4		0.0048		161.5		2.2						
23.828		523.5		-0.004		-1.1		0.0048		161.7		-2.2						
23.926		533.0		-0.004		-2.4		0.0017		161.1		-2.2						
24.023		542.6		-0.006		-5.0		0.0033		161.0		-3.4						
24.121		550.0		0.006		-2.4		0.0048		161.5		3.5						
24.219		550.9		0.004		5.3		0.0033		162.2		2.3						
24.316		555.7		0.002		0.2		0.0063		162.0		1.2						
24.414		553.9		0.000		-1.1		0.0048		161.7		0.0						
24.512		556.5		0.002		-8.8		0.0017		160.3		1.2						
24.609		556.1		-0.002		-3.7		0.0033		161.2		-1.2						
24.707		556.1		0.000		-2.4		0.0063		161.7		0.0						
24.805		559.6		-0.004		0.2		0.0048		161.8		-2.3						
24.902		559.1		0.006		-2.4		-0.0013		160.6		3.5						
25.000		558.7		0.002		-2.4		0.0048		161.5		1.2						
25.098		556.1		-0.004		0.2		0.0063		162.0		-2.3						
25.195		550.9		0.000		-1.1		0.0048		161.7		0.0						
25.293		549.1		0.002		-2.4		0.0048		161.5		1.2						
25.391		542.2		-0.010		-2.4		0.0063		161.7		-5.7						
25.488		543.9		0.002		-1.1		0.0063		161.9		1.1						
25.586		536.5		0.002		-1.1		0.0048		161.7		1.1						
25.684		531.7		0.004		-2.4		0.0033		161.3		2.2						
25.781		523.5		-0.008		-2.4		0.0063		161.7		-4.4						
25.879		521.7		0.000		-1.1		0.0063		161.9		0.0						
25.977		513.0		-0.019		-1.1		-0.0029		160.6		-9.7						
26.074		503.0		0.000		-3.7		0.0017		160.9		0.0						
26.172		494.3		-0.006		-1.1		0.0079		162.1		-3.1						
26.270		485.2		-0.002		4.0		0.0048		162.3		-1.0						
26.367		475.7		0.002		-2.4		0.0048		161.5		1.0						
26.465		470.4		-0.004		-1.1		0.0063		161.9		-2.0						
26.563		459.1		-0.006		-1.1		0.0048		161.7		-2.9						
26.660		450.0		0.004		-3.7		0.0048		161.4		1.9						
26.758		442.2		-0.015		-1.1		0.0094		162.3		-6.5						
26.855		435.2		-0.004		2.7		0.0079		162.6		-1.8						
26.953		421.7		-0.013		-2.4		0.0002		160.9		-5.3						
27.051		414.8		-0.002		-2.4		0.0063		161.7		-0.9						
27.148		401.7		-0.015		0.2		0.0063		162.0		-5.9						
27.246		393.0		0.000		-1.1		0.0048		161.7		0.0						
27.344		385.7		0.004		-3.7		0.0048		161.4		1.6						
27.441		370.4		0.004		-2.4		0.0063		161.7		1.6						
27.539		363.5		0.002		-1.1		0.0048		161.7		0.8						
27.637		354.8		0.004		5.3		0.0033		162.2		1.5						
27.734		346.1		-0.006		15.5		0.0033		163.4		-2.2						
27.832		333.5		0.000		15.5		0.0079		164.1		0.0						
27.930		318.3		0.002		19.3		0.0063		164.3		0.7						
28.027		307.0		0.002		16.7		0.0048		163.8		0.6						
28.125		291.7		-0.006		12.9		0.0017		162.9		-1.8						
28.223		279.6		0.000		15.5		0.0063		163.8		0.0						
28.320		261.3		-0.006		20.6		0.0063		164.4		-1.6						
28.418		250.4		0.004		16.7		0.0063		164.0		1.1						
28.516		233.5		-0.002		16.7		0.0063		164.0		-0.5						
28.613		219.6		0.010		15.5		0.0048		163.6		2.3						
28.711		200.0		0.008		14.2		0.0048		163.5		1.7						
28.809		185.7		0.002		16.7		0.0079		164.2		0.4						
28.906		166.1		0.015		18.0		0.0063		164.1		2.4						
29.004		150.4		-0.002		15.5		0.0002		162.9		-0.3						
29.102		132.6		-0.015		12.9		0.0063		163.5		-1.9						
29.199		124.3		-0.002		18.0		0.0063		164.1		-0.3						
29.297		107.4		-0.008		16.7		0.0048		163.8		-0.9						
29.395		89.1		0.008		14.2		0.0048		163.5		0.7						
29.492		73.5		-0.008		15.5		0.0048		163.6		-0.6						
29.590		59.1		0.002		18.0		0.0048		163.9		0.1						
29.688		37.0		0.019		15.5		0.0033		163.4		0.7						
29.785		17.4		0.010		14.2		0.0017		163.0		0.2						
29.883		-0.9		0.006		15.5		0.0079		164.1		0.0						
29.980		-22.2		-0.010		18.0		0.0048		163.9		0.2						
30.078		-42.2		-0.006		16.7		0.0033		163.5		0.3						
30.176		-60.9		-0.002		12.9		-0.0013		162.4		0.1						
30.273		-78.7		-0.006		14.2		0.0048		163.5		0.5						
30.371		-97.4		0.002		16.7		0.0017		163.3		-0.2						
30.469		-116.5		-0.006		16.7		0.0048		163.8		0.7						
30.566		-136.5		-0.010		16.7		0.0048		163.8		1.4						
30.664		-154.3		-0.008		16.7		0.0033		163.5		1.3						
30.762		-173.0		-0.008		14.2		0.0048		163.5		1.5						
30.859		-187.0		0.000		15.5		0.0048		163.6		0.0						
30.957		-200.9		-0.002		19.3		0.0079		164.5		0.4						
31.055		-213.0		-0.002		15.5		0.0017		163.2		0.4						
31.152		-228.3		-0.006		14.2		0.0063		163.7		1.4						
31.250		-243.5		0.000		16.7		0.0048		163.8		0.0						
31.348		-258.7		0.004		14.2		0.0017		163.0		-1.1						
31.445		-271.3		0.002		15.5		0.0048		163.6		-0.6						
31.543		-283.5		0.000		14.2		0.0048		163.5		0.0						
31.641		-297.0		0.002		16.7		0.0033		163.5		-0.6						
31.738		-309.1		0.000		15.5		0.0048		163.6		0.0						
31.836		-321.3		-0.013		12.9		0.0017		162.9		4.0						
31.934		-331.3		-0.004		15.5		0.0063		163.8		1.4						
32.031		-346.1		-0.008		16.7		0.0079		164.2		2.9						
32.129		-354.8		0.004		16.7		0.0017		163.3		-1.5						
32.227		-366.1		-0.002		12.9		0.0017		162.9		0.8						
32.324		-376.5		0.013		14.2		0.0063		163.7		-4.7						
32.422		-385.2		-0.002		16.7		0.0063		164.0		0.8						
32.520		-396.5		0.002		16.7		0.0063		164.0		-0.8						
32.617		-404.3		-0.002		15.5		0.0048		163.6		0.8						
32.715		-419.1		0.006		-8.8		0.0033		160.6		-2.6						
32.813		-427.8		-0.006		-11.3		0.0033		160.3		2.7						
32.910		-438.3		0.008		-7.5		0.0063		161.1		-3.7						
33.008		-451.3		0.006		-7.5		0.0063		161.1		-2.8						
33.105		-461.3		-0.002		-8.8		0.0033		160.6		1.0						
33.203		-467.8		-0.002		-11.3		0.0048		160.5		1.0						
33.301		-481.3		-0.002		-8.8		0.0048		160.8		1.0						
33.398		-490.9		0.004		-8.8		0.0063		161.0		-2.1						
33.496		-499.6		0.010		-10.1		0.0048		160.6		-5.2						
33.594		-509.1		0.008		-8.8		0.0048		160.8		-4.3						
33.691		-517.4		0.004		-8.8		0.0033		160.6		-2.2						
33.789		-525.2		-0.006		-8.8		0.0033		160.6		3.3						
33.887		-534.3		0.006		-10.1		0.0033		160.4		-3.4						
33.984		-540.4		0.006		-8.8		0.0033		160.6		-3.4						
34.082		-552.6		0.000		-7.5		0.0048		160.9		0.0						
34.180		-552.6		0.002		-10.1		0.0017		160.2		-1.2						
34.277		-557.4		0.004		-11.3		0.0002		159.8		-2.3						
34.375		-557.4		0.004		-11.3		0.0048		160.5		-2.3						
34.473		-557.4		0.000		-8.8		0.0063		161.0		0.0						
34.570		-557.4		-0.006		-10.1		0.0017		160.2		3.5						
34.668		-561.3		-0.013		-8.8		0.0048		160.8		7.1						
34.766		-558.7		0.000		-8.8		0.0002		160.1		0.0						
34.863		-556.5		-0.006		-10.1		0.0017		160.2		3.5						
34.961		-557.8		-0.006		-8.8		0.0063		161.0		3.5						
35.059		-554.3		-0.002		-7.5		0.0033		160.7		1.2						
35.156		-553.0		-0.008		-7.5		0.0033		160.7		4.6						
35.254		-549.6		-0.010		-12.6		0.0048		160.3		5.8						
35.352		-550.4		-0.002		-8.8		0.0048		160.8		1.2						
35.449		-545.2		-0.002		-8.8		0.0017		160.3		1.1						
35.547		-540.0		-0.002		-10.1		0.0033		160.4		1.1						
35.645		-530.4		-0.002		-8.8		0.0033		160.6		1.1						
35.742		-525.7		0.002		-8.8		0.0033		160.6		-1.1						
35.840		-520.0		0.006		-10.1		0.0033		160.4		-3.3						
35.938		-510.4		0.010		-10.1		0.0017		160.2		-5.4						
36.035		-503.0		0.000		-10.1		0.0017		160.2		0.0						
36.133		-494.3		-0.010		-7.5		0.0079		161.4		5.2						
36.230		-487.8		-0.002		-6.2		0.0033		160.9		1.0						
36.328		-478.3		0.004		-11.3		-0.0013		159.6		-2.0						
36.426		-470.9		0.002		-12.6		0.0063		160.6		-1.0						
36.523		-462.2		0.004		-8.8		0.0125		161.9		-1.9						
36.621		-450.0		-0.004		-10.1		0.0048		160.6		1.9						
36.719		-446.1		0.000		-7.5		0.0048		160.9		0.0						
36.816		-436.1		-0.006		-8.8		0.0017		160.3		2.7						
36.914		-425.2		-0.010		-10.1		0.0017		160.2		4.5						
37.012		-414.3		0.010		-8.8		0.0048		160.8		-4.4						
37.109		-403.0		0.000		-7.5		0.0048		160.9		0.0						
37.207		-394.3		0.002		-7.5		0.0048		160.9		-0.8						
37.305		-384.8		0.002		-13.9		0.0033		160.0		-0.8						
37.402		-380.0		0.008		-7.5		0.0033		160.7		-3.2						
37.500		-365.7		0.017		-8.8		0.0048		160.8		-6.1						
37.598		-357.8		0.013		-10.1		0.0048		160.6		-4.5						
37.695		-345.7		0.000		9.1		0.0048		162.9		0.0						
37.793		-334.3		-0.002		11.6		0.0063		163.4		0.7						
37.891		-320.4		0.000		10.4		0.0033		162.8		0.0						
37.988		-306.1		-0.010		9.1		0.0017		162.4		3.2						
38.086		-294.8		-0.004		9.1		0.0079		163.3		1.2						
38.184		-281.3		0.002		12.9		0.0048		163.3		-0.6						
38.281		-264.8		-0.006		11.6		0.0017		162.7		1.7						
38.379		-251.3		0.002		7.8		0.0002		162.0		-0.5						
38.477		-235.2		-0.006		7.8		0.0063		162.9		1.5						
38.574		-222.2		0.008		9.1		-0.0121		160.4		-1.9						
38.672		-205.7		-0.006		9.1		0.0033		162.6		1.3						
38.770		-186.5		0.000		10.4		0.0033		162.8		0.0						
38.867		-170.9		0.006		9.1		0.0017		162.4		-1.1						
38.965		-153.0		-0.010		7.8		0.0002		162.0		1.6						
39.063		-139.1		0.002		10.4		0.0048		163.0		-0.3						
39.160		-124.8		0.002		11.6		0.0048		163.2		-0.3						
39.258		-109.6		0.004		11.6		0.0048		163.2		-0.5						
39.355		-95.2		0.004		5.3		0.0033		162.2		-0.4						
39.453		-77.4		-0.004		10.4		0.0033		162.8		0.3						
39.551		-58.7		-0.002		10.4		0.0017		162.6		0.1						
39.648		-36.5		-0.006		9.1		0.0017		162.4		0.2						
39.746		-17.4		-0.006		7.8		0.0033		162.5		0.1						
39.844		-0.4		0.015		10.4		0.0048		163.0		0.0						
39.941		21.3		0.002		10.4		0.0017		162.6		0.0						
40.039		40.0		0.004		9.1		0.0017		162.4		0.2						
40.137		55.2		0.006		7.8		0.0033		162.5		0.3						
40.234		73.5		0.010		10.4		0.0048		163.0		0.8						
40.332		94.8		0.004		10.4		0.0033		162.8		0.4						
40.430		111.3		-0.008		7.8		-0.0029		161.6		-0.9						
40.527		131.7		-0.002		7.8		0.0048		162.7		-0.3						
40.625		153.0		0.004		10.4		0.0017		162.6		0.6						
40.723		168.3		0.015		7.8		0.0033		162.5		2.5						
40.820		183.5		0.004		11.6		0.0033		162.9		0.8						
40.918		200.4		-0.008		9.1		0.0017		162.4		-1.7						
41.016		209.6		0.002		7.8		0.0017		162.3		0.4						
41.113		227.8		0.004		9.1		0.0063		163.1		1.0						
41.211		240.0		-0.008		11.6		0.0048		163.2		-2.0						
41.309		254.8		-0.010		10.4		0.0033		162.8		-2.7						
41.406		268.3		0.002		6.5		0.0048		162.6		0.6						
41.504		284.8		-0.002		10.4		0.0033		162.8		-0.6						
41.602		296.5		0.017		9.1		0.0033		162.6		5.0						
41.699		307.4		0.000		7.8		0.0002		162.0		0.0						
41.797		318.3		0.004		9.1		0.0017		162.4		1.3						
41.895		329.6		0.000		10.4		0.0033		162.8		0.0						
41.992		340.9		0.006		10.4		0.0017		162.6		2.1						
42.090		352.6		-0.008		9.1		0.0017		162.4		-3.0						
42.188		361.3		0.002		9.1		0.0033		162.6		0.8						
42.285		372.6		-0.002		10.4		0.0048		163.0		-0.8						
42.383		381.3		-0.004		10.4		0.0017		162.6		-1.6						
42.480		393.9		0.000		7.8		0.0002		162.0		0.0						
42.578		406.1		-0.008		5.3		0.0048		162.4		-3.4						
42.676		416.5		-0.004		-21.5		0.0017		158.9		-1.7						
42.773		425.2		-0.002		-21.5		0.0033		159.1		-0.9						
42.871		437.0		-0.006		-22.8		0.0017		158.7		-2.8						
42.969		444.3		0.006		-22.8		0.0002		158.5		2.8						
43.066		457.8		-0.002		-22.8		0.0017		158.7		-1.0						
43.164		466.5		-0.002		-21.5		0.0048		159.3		-1.0						
43.262		476.5		-0.004		-17.7		0.0048		159.7		-2.0						
43.359		486.5		-0.002		-21.5		0.0017		158.9		-1.0						
43.457		494.8		0.000		-25.4		0.0033		158.6		0.0						
43.555		505.7		-0.006		-21.5		0.0048		159.3		-3.2						
43.652		516.1		0.004		-21.5		0.0017		158.9		2.2						
43.750		521.7		0.002		-24.1		-0.0013		158.1		1.1						
43.848		531.7		0.002		-21.5		0.0017		158.9		1.1						
43.945		541.7		0.004		-21.5		0.0017		158.9		2.3						
44.043		548.3		0.000		-22.8		0.0002		158.5		0.0						
44.141		551.3		0.000		-22.8		0.0002		158.5		0.0						
44.238		553.9		0.004		-24.1		0.0002		158.3		2.3						
44.336		557.0		-0.002		-21.5		0.0017		158.9		-1.2						
44.434		558.3		0.000		-21.5		0.0002		158.6		0.0						
44.531		555.2		0.004		-24.1		-0.0029		157.9		2.3						
44.629		556.1		0.000		-25.4		0.0017		158.4		0.0						
44.727		558.7		-0.008		-19.0		-0.0029		158.5		-4.7						
44.824		556.1		0.000		-22.8		0.0017		158.7		0.0						
44.922		557.4		-0.004		-21.5		0.0017		158.9		-2.3						
45.020		554.8		0.013		-21.5		0.0017		158.9		7.0						
45.117		549.6		-0.006		-24.1		0.0002		158.3		-3.5						
45.215		550.0		-0.008		-22.8		0.0033		158.9		-4.6						
45.313		543.9		0.002		-17.7		0.0048		159.7		1.1						
45.410		542.6		0.004		-20.3		0.0002		158.8		2.3						
45.508		538.3		0.006		-21.5		0.0033		159.1		3.4						
45.605		533.9		0.004		-20.3		0.0048		159.4		2.2						
45.703		525.7		0.002		-20.3		0.0017		159.0		1.1						
45.801		518.7		-0.002		-22.8		0.0033		158.9		-1.1						
45.898		510.0		0.004		-22.8		0.0017		158.7		2.1						
45.996		502.6		0.000		-21.5		0.0033		159.1		0.0						
46.094		493.9		0.004		-19.0		0.0017		159.1		2.1						
46.191		489.1		-0.002		-22.8		0.0002		158.5		-1.0						
46.289		481.7		-0.004		-21.5		0.0033		159.1		-2.0						
46.387		471.3		-0.004		-19.0		0.0048		159.6		-2.0						
46.484		464.3		0.006		-20.3		0.0002		158.8		2.9						
46.582		453.5		0.000		-22.8		-0.0013		158.3		0.0						
46.680		442.2		0.008		-25.4		0.0033		158.6		3.7						
46.777		438.7		0.008		-19.0		-0.0075		157.8		3.7						
46.875		425.7		-0.004		-22.8		-0.0013		158.3		-1.8						
46.973		415.2		-0.004		-20.3		0.0048		159.4		-1.7						
47.070		403.5		0.002		-20.3		0.0017		159.0		0.8						
47.168		390.4		0.000		-22.8		0.0002		158.5		0.0						
47.266		386.1		-0.002		-22.8		0.0017		158.7		-0.8						
47.363		372.2		0.004		-19.0		0.0063		159.8		1.6						
47.461		366.1		-0.008		-20.3		0.0017		159.0		-3.1						
47.559		356.5		-0.008		-22.8		0.0017		158.7		-3.0						
47.656		346.5		-0.004		2.7		0.0033		161.9		-1.5						
47.754		335.7		-0.015		2.7		0.0017		161.7		-4.9						
47.852		324.3		-0.002		1.4		0.0017		161.5		-0.7						
47.949		308.7		0.002		4.0		0.0033		162.0		0.6						
48.047		296.1		-0.010		2.7		0.0017		161.7		-3.1						
48.145		280.9		-0.002		2.7		0.0033		161.9		-0.6						
48.242		267.0		0.000		1.4		0.0002		161.3		0.0						
48.340		250.4		0.008		1.4		0.0017		161.5		2.1						
48.438		234.3		-0.008		2.7		0.0048		162.1		-2.0						
48.535		215.7		-0.002		2.7		0.0002		161.4		-0.5						
48.633		203.5		0.004		1.4		-0.0013		161.1		0.9						
48.730		185.2		-0.004		-2.4		0.0002		160.9		-0.8						
48.828		168.3		0.008		4.0		-0.0059		160.7		1.4						
48.926		153.0		0.004		1.4		0.0017		161.5		0.6						
49.023		140.9		0.008		2.7		0.0017		161.7		1.2						
49.121		123.5		0.002		2.7		0.0002		161.4		0.3						
49.219		110.0		0.002		1.4		-0.0013		161.1		0.2						
49.316		94.3		0.002		0.2		0.0002		161.2		0.2						
49.414		75.7		-0.002		2.7		0.0017		161.7		-0.2						
49.512		57.8		0.006		4.0		-0.0013		161.4		0.4						
49.609		37.4		0.006		1.4		0.0063		162.2		0.2						
49.707		19.1		0.004		2.7		0.0017		161.7		0.1						
49.805		3.5		0.002		2.7		0.0002		161.4		0.0						
49.902		-18.7		-0.004		1.4		0.0002		161.3		0.1						
