Oscilloscope Trace Export		
Festo Didactic LVDAC-EMS 3.21		
		
		
		Ch1		Ch2		Ch3		Ch4		Ch5		Ch6		Ch7		Ch8		
Time 		E1		I1		AI8		AI7		Pm		P1		Off		Off		
(ms)		(V)		(A)		(r/min)		(N·m)		(W)		(W)		()		()		
0.000		7.8		-0.619		-2.5		0.0052		140.33		-4.8						
0.098		27.0		-0.607		0.0		-0.0071		138.76		-16.4						
0.195		47.0		-0.603		0.0		0.0037		140.35		-28.3						
0.293		66.5		-0.592		1.3		0.0021		140.25		-39.4						
0.391		86.5		-0.577		1.3		0.0006		140.02		-50.0						
0.488		106.5		-0.580		-1.2		0.0021		140.00		-61.7						
0.586		126.5		-0.567		0.0		0.0052		140.58		-71.7						
0.684		141.7		-0.556		2.6		0.0037		140.61		-78.9						
0.781		156.1		-0.542		0.0		0.0006		139.90		-84.6						
0.879		172.2		-0.542		-1.2		0.0021		140.00		-93.3						
0.977		189.6		-0.531		1.3		0.0021		140.25		-100.7						
1.074		207.0		-0.521		1.3		0.0021		140.25		-107.8						
1.172		220.4		-0.508		-1.2		0.0021		140.00		-112.0						
1.270		234.8		-0.508		-2.5		0.0021		139.87		-119.3						
1.367		248.7		-0.493		-2.5		0.0037		140.10		-122.7						
1.465		264.3		-0.477		-1.2		0.0021		140.00		-126.0						
1.563		276.1		-0.464		-2.5		-0.0009		139.42		-128.1						
1.660		286.1		-0.458		-3.8		0.0037		139.98		-131.0						
1.758		300.0		-0.443		-1.2		0.0037		140.23		-132.9						
1.855		311.3		-0.449		-1.2		0.0006		139.77		-139.9						
1.953		322.6		-0.441		-3.8		-0.0009		139.29		-142.3						
2.051		337.4		-0.426		-5.1		0.0021		139.62		-143.8						
2.148		344.8		-0.386		-1.2		0.0021		140.00		-133.2						
2.246		356.5		-0.378		-1.2		-0.0009		139.54		-134.7						
2.344		367.0		-0.367		-1.2		0.0006		139.77		-134.8						
2.441		380.4		-0.365		-2.5		-0.0025		139.19		-139.0						
2.539		390.4		-0.346		-3.8		-0.0025		139.07		-135.3						
2.637		398.3		-0.325		-2.5		0.0006		139.65		-129.6						
2.734		409.6		-0.317		0.0		0.0006		139.90		-129.9						
2.832		420.0		-0.311		-2.5		-0.0025		139.19		-130.5						
2.930		426.1		-0.290		-6.3		-0.0025		138.82		-123.5						
3.027		440.4		-0.273		-2.5		-0.0009		139.42		-120.2						
3.125		450.9		-0.256		0.0		0.0006		139.90		-115.5						
3.223		461.7		-0.229		-3.8		-0.0025		139.07		-105.7						
3.320		470.0		-0.225		-3.8		0.0006		139.52		-105.6						
3.418		480.0		-0.191		-2.5		0.0006		139.65		-91.7						
3.516		492.2		-0.178		-1.2		-0.0009		139.54		-87.8						
3.613		499.6		-0.170		-3.8		-0.0025		139.07		-85.0						
3.711		508.3		-0.155		-2.5		-0.0009		139.42		-79.0						
3.809		518.7		-0.136		-1.2		0.0006		139.77		-70.8						
3.906		524.3		-0.107		-2.5		-0.0025		139.19		-56.2						
4.004		533.0		-0.080		-5.1		-0.0040		138.71		-42.5						
4.102		543.5		-0.063		-5.1		0.0006		139.40		-34.2						
4.199		553.0		-0.040		-1.2		-0.0009		139.54		-22.1						
4.297		552.6		-0.021		-2.5		-0.0009		139.42		-11.6						
4.395		554.8		0.013		-1.2		0.0021		140.00		7.0						
4.492		552.2		0.031		-2.5		0.0021		139.87		17.4						
4.590		559.6		0.057		-3.8		0.0021		139.75		31.7						
4.688		556.5		0.078		-2.5		0.0052		140.33		43.2						
4.785		557.4		0.097		0.0		0.0037		140.35		53.8						
4.883		558.3		0.105		-1.2		0.0021		140.00		58.6						
4.980		556.5		0.134		-6.3		0.0037		139.72		74.8						
5.078		554.8		0.149		-1.2		0.0037		140.23		82.7						
5.176		553.9		0.172		-2.5		0.0037		140.10		95.4						
5.273		550.9		0.189		-5.1		0.0021		139.62		104.1						
5.371		550.0		0.202		-3.8		0.0037		139.98		110.9						
5.469		546.1		0.227		-3.8		0.0037		139.98		123.8						
5.566		539.1		0.239		-1.2		0.0021		140.00		129.1						
5.664		538.7		0.275		-3.8		-0.0009		139.29		148.2						
5.762		531.7		0.286		-3.8		0.0037		139.98		151.8						
5.859		527.4		0.304		-1.2		0.0037		140.23		160.6						
5.957		519.1		0.323		0.0		0.0021		140.13		167.9						
6.055		509.6		0.319		-3.8		0.0006		139.52		162.6						
6.152		500.9		0.342		-5.1		0.0037		139.85		171.4						
6.250		490.0		0.355		3.9		0.0067		141.19		173.9						
6.348		484.3		0.361		0.0		0.0037		140.35		174.9						
6.445		477.4		0.374		0.0		0.0037		140.35		178.4						
6.543		470.4		0.401		0.0		0.0021		140.13		188.7						
6.641		459.6		0.414		-1.2		0.0021		140.00		190.1						
6.738		449.6		0.420		1.3		0.0067		140.94		188.8						
6.836		440.9		0.433		2.6		0.0052		140.83		190.7						
6.934		430.9		0.451		1.3		0.0037		140.48		194.5						
7.031		420.9		0.456		-5.1		0.0021		139.62		191.8						
7.129		409.6		0.462		1.3		0.0037		140.48		189.2						
7.227		401.3		0.479		1.3		0.0037		140.48		192.1						
7.324		394.8		0.491		1.3		0.0021		140.25		194.0						
7.422		380.9		0.485		0.0		0.0021		140.13		184.7						
7.520		375.2		0.517		1.3		0.0037		140.48		193.8						
7.617		362.2		0.533		1.3		0.0021		140.25		193.2						
7.715		356.1		0.533		-1.2		0.0006		139.77		189.9						
7.813		340.4		0.550		0.0		0.0006		139.90		187.3						
7.910		333.0		0.567		0.0		0.0021		140.13		188.8						
8.008		317.4		0.573		1.3		0.0006		140.02		181.9						
8.105		306.5		0.580		-1.2		-0.0009		139.54		177.6						
8.203		293.0		0.605		-2.5		0.0021		139.87		177.2						
8.301		276.5		0.609		2.6		0.0037		140.61		168.4						
8.398		264.3		0.615		9.0		0.0021		141.01		162.6						
8.496		243.5		0.634		2.6		0.0037		140.61		154.4						
8.594		229.1		0.628		1.3		-0.0009		139.79		143.9						
8.691		215.2		0.638		-1.2		0.0006		139.77		137.4						
8.789		199.6		0.634		-1.2		0.0037		140.23		126.5						
8.887		183.5		0.643		2.6		0.0021		140.38		117.9						
8.984		163.9		0.640		1.3		0.0021		140.25		105.0						
9.082		151.7		0.645		-3.8		0.0021		139.75		97.8						
9.180		132.2		0.643		0.0		0.0021		140.13		84.9						
9.277		117.8		0.645		1.3		0.0021		140.25		76.0						
9.375		107.4		0.626		-1.2		0.0006		139.77		67.2						
9.473		90.9		0.638		-2.5		-0.0009		139.42		58.0						
9.570		71.7		0.628		0.0		0.0021		140.13		45.0						
9.668		56.1		0.647		0.0		0.0006		139.90		36.3						
9.766		35.7		0.626		-1.2		-0.0009		139.54		22.3						
9.863		16.1		0.619		-1.2		-0.0009		139.54		10.0						
9.961		-4.3		0.626		0.0		0.0037		140.35		-2.7						
10.059		-21.7		0.611		1.3		-0.0009		139.79		-13.3						
10.156		-39.6		0.609		-1.2		-0.0009		139.54		-24.1						
10.254		-63.0		0.603		-3.8		0.0006		139.52		-38.0						
10.352		-82.6		0.580		2.6		0.0067		141.06		-47.9						
10.449		-102.6		0.580		0.0		0.0006		139.90		-59.5						
10.547		-118.3		0.575		1.3		0.0021		140.25		-68.0						
10.645		-136.5		0.563		0.0		0.0006		139.90		-76.8						
10.742		-154.8		0.542		-2.5		-0.0009		139.42		-83.9						
10.840		-172.2		0.542		0.0		0.0021		140.13		-93.3						
10.938		-187.4		0.527		1.3		0.0021		140.25		-98.8						
11.035		-200.9		0.529		1.3		0.0021		140.25		-106.3						
11.133		-213.5		0.512		-3.8		0.0006		139.52		-109.4						
11.230		-228.7		0.506		0.0		0.0006		139.90		-115.7						
11.328		-243.0		0.496		-1.2		-0.0009		139.54		-120.4						
11.426		-260.0		0.472		-2.5		0.0006		139.65		-122.8						
11.523		-272.6		0.475		-2.5		0.0006		139.65		-129.4						
11.621		-282.6		0.449		-1.2		0.0021		140.00		-127.0						
11.719		-297.4		0.445		-1.2		0.0006		139.77		-132.4						
11.816		-309.1		0.451		-2.5		-0.0009		139.42		-139.6						
11.914		-323.9		0.422		-3.8		0.0006		139.52		-136.7						
12.012		-334.3		0.412		0.0		0.0021		140.13		-137.6						
12.109		-343.9		0.405		1.3		0.0021		140.25		-139.4						
12.207		-354.8		0.384		-2.5		-0.0009		139.42		-136.3						
12.305		-365.7		0.382		-5.1		0.0006		139.40		-139.7						
12.402		-377.0		0.372		1.3		0.0098		141.39		-140.1						
12.500		-386.1		0.340		-15.3		0.0021		138.62		-131.3						
12.598		-398.3		0.332		0.0		0.0037		140.35		-132.1						
12.695		-408.3		0.311		-1.2		0.0021		140.00		-126.9						
12.793		-420.9		0.300		-3.8		0.0006		139.52		-126.4						
12.891		-433.0		0.279		-1.2		0.0037		140.23		-120.9						
12.988		-437.0		0.260		1.3		0.0052		140.71		-113.8						
13.086		-450.4		0.256		0.0		0.0037		140.35		-115.4						
13.184		-459.1		0.248		-3.8		0.0021		139.75		-113.8						
13.281		-468.3		0.233		-1.2		0.0037		140.23		-109.1						
13.379		-478.3		0.206		-1.2		0.0021		140.00		-98.4						
13.477		-487.4		0.195		-2.5		0.0052		140.33		-95.2						
13.574		-497.0		0.170		-1.2		0.0021		140.00		-84.5						
13.672		-505.7		0.155		-1.2		0.0037		140.23		-78.6						
13.770		-515.7		0.132		-1.2		0.0037		140.23		-68.2						
13.867		-525.2		0.105		-2.5		0.0006		139.65		-55.1						
13.965		-535.7		0.080		-1.2		0.0021		140.00		-42.7						
14.063		-540.0		0.065		0.0		0.0052		140.58		-35.1						
14.160		-548.7		0.050		1.3		0.0021		140.25		-27.7						
14.258		-552.6		0.023		-2.5		0.0006		139.65		-12.8						
14.355		-554.8		0.010		-5.1		0.0021		139.62		-5.8						
14.453		-557.4		-0.025		0.0		0.0067		140.81		14.0						
14.551		-558.3		-0.048		-5.1		-0.0009		139.17		27.0						
14.648		-560.9		-0.071		0.0		-0.0009		139.67		40.0						
14.746		-558.7		-0.090		-1.2		-0.0025		139.32		50.4						
14.844		-556.5		-0.115		-3.8		-0.0025		139.07		64.3						
14.941		-557.8		-0.122		-1.2		0.0006		139.77		67.9						
15.039		-557.8		-0.157		1.3		0.0021		140.25		87.8						
15.137		-555.2		-0.172		0.0		-0.0025		139.44		95.6						
15.234		-553.0		-0.199		-3.8		-0.0009		139.29		110.3						
15.332		-550.9		-0.212		0.0		0.0006		139.90		116.8						
15.430		-551.3		-0.233		0.0		0.0006		139.90		128.5						
15.527		-543.5		-0.244		-1.2		0.0006		139.77		132.4						
15.625		-541.3		-0.271		-1.2		-0.0009		139.54		146.6						
15.723		-534.3		-0.281		-1.2		0.0006		139.77		150.3						
15.820		-528.7		-0.296		1.3		0.0006		140.02		156.5						
15.918		-520.9		-0.313		-2.5		-0.0009		139.42		163.0						
16.016		-515.2		-0.328		-2.5		-0.0009		139.42		168.8						
16.113		-505.7		-0.342		-1.2		0.0021		140.00		173.1						
16.211		-499.1		-0.353		1.3		0.0006		140.02		176.1						
16.309		-490.0		-0.367		-1.2		-0.0025		139.32		180.1						
16.406		-478.7		-0.378		-3.8		-0.0009		139.29		180.9						
16.504		-471.7		-0.395		1.3		0.0083		141.17		186.2						
16.602		-463.5		-0.409		-2.5		-0.0009		139.42		189.8						
16.699		-452.2		-0.418		0.0		0.0006		139.90		188.9						
16.797		-443.0		-0.416		-1.2		0.0006		139.77		184.2						
16.895		-437.4		-0.430		-1.2		-0.0025		139.32		188.3						
16.992		-425.7		-0.458		-2.5		0.0006		139.65		194.8						
17.090		-414.8		-0.475		2.6		0.0037		140.61		196.8						
17.188		-407.0		-0.485		2.6		0.0006		140.15		197.4						
17.285		-397.0		-0.475		-1.2		0.0006		139.77		188.4						
17.383		-383.0		-0.498		-1.2		0.0006		139.77		190.6						
17.480		-376.1		-0.506		0.0		0.0006		139.90		190.3						
17.578		-368.7		-0.517		-1.2		-0.0071		138.63		190.4						
17.676		-360.0		-0.540		1.3		0.0006		140.02		194.3						
17.773		-349.6		-0.556		-1.2		0.0006		139.77		194.5						
17.871		-334.8		-0.561		-1.2		0.0006		139.77		187.7						
17.969		-320.9		-0.577		-1.2		-0.0009		139.54		185.3						
18.066		-312.6		-0.584		-2.5		0.0006		139.65		182.5						
18.164		-299.1		-0.609		0.0		0.0021		140.13		182.1						
18.262		-283.0		-0.611		2.6		0.0006		140.15		172.9						
18.359		-268.7		-0.609		-1.2		-0.0025		139.32		163.6						
18.457		-252.2		-0.628		-3.8		-0.0009		139.29		158.3						
18.555		-235.2		-0.632		-1.2		0.0067		140.68		148.7						
18.652		-220.0		-0.640		0.0		0.0006		139.90		140.9						
18.750		-206.1		-0.636		0.0		0.0021		140.13		131.1						
18.848		-188.3		-0.649		0.0		-0.0009		139.67		122.1						
18.945		-171.7		-0.647		-2.5		-0.0009		139.42		111.1						
19.043		-155.2		-0.653		-2.5		0.0006		139.65		101.4						
19.141		-140.4		-0.651		1.3		0.0021		140.25		91.4						
19.238		-128.3		-0.647		0.0		-0.0009		139.67		82.9						
19.336		-110.4		-0.655		-1.2		0.0006		139.77		72.3						
19.434		-97.4		-0.645		0.0		0.0006		139.90		62.8						
19.531		-78.3		-0.634		-1.2		0.0006		139.77		49.6						
19.629		-60.4		-0.640		-1.2		-0.0009		139.54		38.7						
19.727		-40.4		-0.636		-2.5		-0.0009		139.42		25.7						
19.824		-25.2		-0.634		0.0		0.0021		140.13		16.0						
19.922		-4.3		-0.619		0.0		0.0006		139.90		2.7						
20.020		16.1		-0.622		-1.2		-0.0009		139.54		-10.0						
20.117		37.0		-0.603		-2.5		-0.0025		139.19		-22.3						
20.215		56.1		-0.601		-2.5		0.0006		139.65		-33.7						
20.313		77.0		-0.586		0.0		-0.0009		139.67		-45.1						
20.410		94.8		-0.580		-2.5		-0.0040		138.96		-54.9						
20.508		111.7		-0.567		-3.8		-0.0009		139.29		-63.3						
20.605		132.6		-0.567		0.0		0.0037		140.35		-75.2						
20.703		148.7		-0.556		0.0		-0.0009		139.67		-82.7						
20.801		164.3		-0.542		0.0		0.0006		139.90		-89.0						
20.898		180.0		-0.544		0.0		0.0006		139.90		-97.9						
20.996		197.8		-0.525		-2.5		-0.0009		139.42		-103.8						
21.094		211.7		-0.512		-1.2		0.0006		139.77		-108.5						
21.191		228.7		-0.523		3.9		0.0021		140.50		-119.6						
21.289		237.8		-0.500		2.6		-0.0025		139.69		-118.9						
21.387		253.5		-0.487		1.3		-0.0086		138.65		-123.5						
21.484		268.3		-0.481		2.6		0.0006		140.15		-129.0						
21.582		278.7		-0.468		1.3		-0.0025		139.57		-130.5						
21.680		290.0		-0.466		1.3		-0.0040		139.34		-135.2						
21.777		304.3		-0.454		1.3		-0.0009		139.79		-138.0						
21.875		319.1		-0.435		1.3		-0.0009		139.79		-138.7						
21.973		332.2		-0.430		2.6		0.0006		140.15		-143.0						
22.070		341.3		-0.399		2.6		-0.0025		139.69		-136.2						
22.168		352.2		-0.393		-1.2		-0.0025		139.32		-138.3						
22.266		360.4		-0.384		1.3		0.0006		140.02		-138.5						
22.363		377.0		-0.376		3.9		-0.0025		139.82		-141.7						
22.461		381.3		-0.361		1.3		-0.0040		139.34		-137.7						
22.559		394.8		-0.336		-1.2		-0.0025		139.32		-132.6						
22.656		403.5		-0.323		0.0		-0.0025		139.44		-130.5						
22.754		410.0		-0.315		2.6		-0.0009		139.92		-129.1						
22.852		423.0		-0.300		1.3		-0.0025		139.57		-127.0						
22.949		435.2		-0.288		1.3		-0.0025		139.57		-125.2						
23.047		445.7		-0.254		0.0		-0.0040		139.21		-113.2						
23.145		452.6		-0.237		1.3		-0.0025		139.57		-107.4						
23.242		464.8		-0.227		1.3		0.0006		140.02		-105.4						
23.340		472.6		-0.210		2.6		-0.0040		139.46		-99.2						
23.438		486.1		-0.189		2.6		-0.0101		138.55		-91.9						
23.535		490.9		-0.174		1.3		-0.0025		139.57		-85.5						
23.633		503.5		-0.153		2.6		-0.0040		139.46		-77.2						
23.730		513.0		-0.141		1.3		-0.0040		139.34		-72.2						
23.828		523.0		-0.120		0.0		-0.0040		139.21		-62.6						
23.926		531.3		-0.099		1.3		-0.0025		139.57		-52.4						
24.023		536.1		-0.082		1.3		-0.0040		139.34		-43.9						
24.121		543.5		-0.046		1.3		-0.0040		139.34		-25.1						
24.219		548.3		-0.034		0.0		-0.0040		139.21		-18.4						
24.316		553.5		-0.006		0.0		0.0021		140.13		-3.5						
24.414		553.0		0.023		2.6		0.0021		140.38		12.8						
24.512		554.8		0.044		0.0		-0.0025		139.44		24.5						
24.609		555.2		0.059		-1.2		-0.0009		139.54		32.6						
24.707		557.0		0.071		0.0		0.0037		140.35		39.8						
24.805		559.1		0.097		5.2		0.0021		140.63		54.0						
24.902		556.1		0.111		1.3		0.0021		140.25		61.9						
25.000		556.1		0.145		2.6		0.0021		140.38		80.6						
25.098		551.7		0.162		1.3		0.0006		140.02		89.2						
25.195		550.9		0.189		1.3		0.0021		140.25		104.1						
25.293		551.3		0.199		2.6		0.0052		140.83		110.0						
25.391		550.4		0.208		3.9		0.0006		140.27		114.4						
25.488		543.0		0.248		2.6		0.0006		140.15		134.5						
25.586		539.6		0.258		1.3		0.0021		140.25		139.4						
25.684		537.0		0.275		2.6		0.0021		140.38		147.7						
25.781		528.3		0.296		1.3		0.0006		140.02		156.4						
25.879		520.4		0.311		0.0		0.0006		139.90		161.7						
25.977		511.7		0.319		1.3		0.0021		140.25		163.3						
26.074		504.8		0.344		1.3		0.0021		140.25		173.8						
26.172		496.5		0.340		1.3		0.0006		140.02		168.9						
26.270		487.4		0.359		-2.5		0.0006		139.65		175.0						
26.367		480.9		0.370		0.0		0.0037		140.35		177.7						
26.465		473.0		0.391		2.6		0.0021		140.38		184.7						
26.563		464.8		0.395		-1.2		-0.0009		139.54		183.5						
26.660		455.7		0.414		-1.2		0.0021		140.00		188.5						
26.758		447.0		0.433		0.0		0.0021		140.13		193.3						
26.855		437.0		0.424		5.2		0.0021		140.63		185.3						
26.953		427.0		0.445		-1.2		0.0037		140.23		190.1						
27.051		417.0		0.462		1.3		0.0006		140.02		192.6						
27.148		409.6		0.454		0.0		-0.0009		139.67		185.8						
27.246		398.7		0.479		-1.2		-0.0009		139.54		190.9						
27.344		388.7		0.483		1.3		0.0037		140.48		187.7						
27.441		379.1		0.512		2.6		-0.0025		139.69		194.2						
27.539		367.8		0.519		0.0		-0.0009		139.67		190.8						
27.637		359.1		0.523		1.3		0.0006		140.02		187.8						
27.734		350.4		0.538		2.6		0.0006		140.15		188.4						
27.832		340.0		0.548		-1.2		-0.0009		139.54		186.3						
27.930		327.0		0.548		0.0		-0.0009		139.67		179.2						
28.027		315.7		0.575		0.0		0.0006		139.90		181.6						
28.125		300.0		0.588		-1.2		0.0021		140.00		176.4						
28.223		287.4		0.594		0.0		0.0006		139.90		170.8						
28.320		272.2		0.607		-2.5		-0.0009		139.42		165.2						
28.418		255.7		0.615		0.0		0.0006		139.90		157.3						
28.516		240.0		0.628		2.6		0.0021		140.38		150.7						
28.613		225.7		0.630		1.3		-0.0025		139.57		142.1						
28.711		210.9		0.630		-1.2		0.0006		139.77		132.8						
28.809		191.7		0.640		0.0		0.0006		139.90		122.8						
28.906		175.2		0.640		6.4		0.0006		140.53		112.2						
29.004		156.5		0.626		1.3		0.0006		140.02		97.9						
29.102		144.8		0.636		1.3		0.0006		140.02		92.1						
29.199		128.7		0.634		0.0		-0.0009		139.67		81.6						
29.297		118.3		0.651		-1.2		0.0006		139.77		77.0						
29.395		98.7		0.632		1.3		0.0037		140.48		62.4						
29.492		83.0		0.632		2.6		-0.0025		139.69		52.5						
29.590		66.1		0.632		0.0		-0.0009		139.67		41.8						
29.688		46.5		0.630		2.6		0.0006		140.15		29.3						
29.785		27.4		0.624		0.0		0.0006		139.90		17.1						
29.883		6.1		0.632		-1.2		-0.0025		139.32		3.8						
29.980		-7.4		0.619		-1.2		-0.0009		139.54		-4.6						
30.078		-31.7		0.592		0.0		0.0006		139.90		-18.8						
30.176		-49.6		0.588		1.3		-0.0009		139.79		-29.1						
30.273		-70.0		0.588		-1.2		-0.0009		139.54		-41.2						
30.371		-89.6		0.573		-2.5		-0.0025		139.19		-51.3						
30.469		-107.8		0.573		0.0		0.0006		139.90		-61.8						
30.566		-124.8		0.565		1.3		-0.0009		139.79		-70.5						
30.664		-143.5		0.563		0.0		-0.0025		139.44		-80.7						
30.762		-159.6		0.546		-3.8		-0.0025		139.07		-87.1						
30.859		-177.8		0.533		-2.5		-0.0025		139.19		-94.8						
30.957		-191.7		0.538		5.2		-0.0025		139.94		-103.1						
31.055		-205.7		0.538		0.0		0.0006		139.90		-110.5						
31.152		-220.0		0.519		1.3		-0.0009		139.79		-114.1						
31.250		-234.8		0.493		-1.2		-0.0025		139.32		-115.9						
31.348		-250.0		0.483		0.0		-0.0009		139.67		-120.7						
31.445		-265.2		0.481		0.0		0.0021		140.13		-127.5						
31.543		-280.0		0.470		2.6		-0.0025		139.69		-131.7						
31.641		-290.9		0.466		0.0		-0.0025		139.44		-135.6						
31.738		-300.9		0.451		0.0		0.0006		139.90		-135.8						
31.836		-318.3		0.426		1.3		0.0006		140.02		-135.7						
31.934		-325.2		0.430		0.0		-0.0009		139.67		-140.0						
32.031		-337.8		0.420		1.3		-0.0009		139.79		-141.9						
32.129		-349.6		0.388		0.0		0.0006		139.90		-135.8						
32.227		-357.4		0.384		0.0		0.0006		139.90		-137.3						
32.324		-368.3		0.365		0.0		0.0006		139.90		-134.5						
32.422		-384.3		0.359		-1.2		-0.0009		139.54		-138.0						
32.520		-391.7		0.346		0.0		0.0021		140.13		-135.7						
32.617		-400.4		0.319		2.6		0.0021		140.38		-127.8						
32.715		-410.9		0.313		-1.2		-0.0025		139.32		-128.5						
32.813		-421.3		0.300		-2.5		-0.0025		139.19		-126.5						
32.910		-432.2		0.281		0.0		-0.0009		139.67		-121.6						
33.008		-437.8		0.262		6.4		0.0006		140.53		-114.9						
33.105		-454.8		0.260		0.0		0.0021		140.13		-118.4						
33.203		-464.3		0.237		1.3		0.0021		140.25		-110.2						
33.301		-474.3		0.235		-1.2		-0.0009		139.54		-111.6						
33.398		-483.9		0.206		-1.2		0.0037		140.23		-99.6						
33.496		-488.7		0.174		1.3		0.0037		140.48		-85.2						
33.594		-498.3		0.164		2.6		0.0006		140.15		-81.6						
33.691		-510.0		0.134		0.0		-0.0009		139.67		-68.5						
33.789		-518.7		0.122		-1.2		0.0021		140.00		-63.2						
33.887		-527.4		0.101		1.3		0.0006		140.02		-53.2						
33.984		-536.1		0.086		0.0		0.0006		139.90		-46.2						
34.082		-544.8		0.073		-2.5		-0.0009		139.42		-40.0						
34.180		-551.3		0.046		1.3		0.0037		140.48		-25.5						
34.277		-559.1		0.010		0.0		0.0006		139.90		-5.9						
34.375		-559.1		-0.004		0.0		0.0006		139.90		2.3						
34.473		-557.8		-0.019		-1.2		-0.0040		139.09		10.5						
34.570		-559.6		-0.050		0.0		-0.0009		139.67		28.2						
34.668		-557.0		-0.071		3.9		-0.0009		140.05		39.8						
34.766		-556.5		-0.086		0.0		-0.0055		138.98		47.9						
34.863		-558.7		-0.118		-3.8		-0.0055		138.61		65.7						
34.961		-556.1		-0.128		-2.5		-0.0040		138.96		71.2						
35.059		-558.7		-0.153		3.9		-0.0040		139.59		85.6						
35.156		-554.3		-0.176		1.3		-0.0009		139.79		97.8						
35.254		-553.0		-0.199		0.0		-0.0025		139.44		110.3						
35.352		-550.0		-0.210		0.0		-0.0025		139.44		115.5						
35.449		-541.7		-0.218		0.0		-0.0009		139.67		118.3						
35.547		-538.7		-0.244		2.6		0.0006		140.15		131.2						
35.645		-538.7		-0.258		3.9		0.0006		140.27		139.1						
35.742		-529.6		-0.275		-1.2		-0.0071		138.63		145.7						
35.840		-525.2		-0.288		-1.2		-0.0009		139.54		151.1						
35.938		-520.0		-0.309		1.3		-0.0009		139.79		160.5						
36.035		-511.3		-0.336		0.0		-0.0009		139.67		171.8						
36.133		-501.7		-0.336		-1.2		-0.0025		139.32		168.6						
36.230		-497.8		-0.344		0.0		-0.0009		139.67		171.4						
36.328		-486.5		-0.361		2.6		0.0006		140.15		175.7						
36.426		-479.1		-0.372		1.3		-0.0025		139.57		178.1						
36.523		-471.3		-0.388		1.3		-0.0025		139.57		183.1						
36.621		-460.0		-0.397		0.0		-0.0009		139.67		182.6						
36.719		-450.9		-0.412		3.9		0.0006		140.27		185.6						
36.816		-439.1		-0.424		3.9		-0.0025		139.82		186.3						
36.914		-433.0		-0.443		-1.2		-0.0071		138.63		191.9						
37.012		-421.3		-0.454		-1.2		-0.0009		139.54		191.1						
37.109		-412.6		-0.464		3.9		-0.0009		140.05		191.5						
37.207		-401.3		-0.481		1.3		0.0006		140.02		193.0						
37.305		-392.6		-0.479		2.6		-0.0009		139.92		188.0						
37.402		-382.2		-0.491		1.3		-0.0040		139.34		187.8						
37.500		-377.8		-0.519		1.3		-0.0009		139.79		196.0						
37.598		-365.2		-0.525		1.3		0.0021		140.25		191.7						
37.695		-355.7		-0.535		5.2		0.0006		140.40		190.4						
37.793		-343.0		-0.550		-1.2		-0.0071		138.63		188.7						
37.891		-331.7		-0.563		-2.5		0.0006		139.65		186.7						
37.988		-321.7		-0.565		2.6		-0.0009		139.92		181.7						
38.086		-308.3		-0.580		2.6		-0.0025		139.69		178.6						
38.184		-296.5		-0.588		1.3		-0.0025		139.57		174.3						
38.281		-277.0		-0.603		2.6		0.0006		140.15		166.9						
38.379		-260.9		-0.624		3.9		0.0006		140.27		162.7						
38.477		-247.0		-0.619		1.3		-0.0025		139.57		153.0						
38.574		-232.2		-0.628		0.0		-0.0025		139.44		145.8						
38.672		-214.8		-0.645		2.6		0.0006		140.15		138.5						
38.770		-201.3		-0.634		3.9		0.0006		140.27		127.7						
38.867		-183.0		-0.649		1.3		-0.0025		139.57		118.8						
38.965		-168.7		-0.640		-1.2		-0.0055		138.86		108.0						
39.063		-151.3		-0.640		0.0		-0.0009		139.67		96.9						
39.160		-135.2		-0.649		2.6		-0.0009		139.92		87.7						
39.258		-121.3		-0.632		1.3		-0.0025		139.57		76.7						
39.355		-104.8		-0.638		2.6		-0.0009		139.92		66.9						
39.453		-90.4		-0.632		1.3		-0.0040		139.34		57.2						
39.551		-72.6		-0.632		-1.2		-0.0025		139.32		45.9						
39.648		-56.1		-0.630		1.3		-0.0009		139.79		35.3						
39.746		-33.0		-0.619		3.9		0.0006		140.27		20.5						
39.844		-17.4		-0.624		0.0		-0.0071		138.76		10.8						
39.941		3.9		-0.617		1.3		-0.0009		139.79		-2.4						
40.039		22.2		-0.609		1.3		-0.0040		139.34		-13.5						
40.137		44.8		-0.603		1.3		-0.0040		139.34		-27.0						
40.234		63.9		-0.596		0.0		-0.0025		139.44		-38.1						
40.332		82.2		-0.580		1.3		-0.0025		139.57		-47.6						
40.430		99.6		-0.571		1.3		-0.0040		139.34		-56.9						
40.527		119.1		-0.552		1.3		-0.0040		139.34		-65.8						
40.625		137.0		-0.559		-1.2		-0.0025		139.32		-76.5						
40.723		154.3		-0.538		0.0		-0.0025		139.44		-83.0						
40.820		173.0		-0.540		2.6		0.0006		140.15		-93.4						
40.918		185.7		-0.533		1.3		-0.0040		139.34		-99.0						
41.016		199.1		-0.519		-1.2		-0.0055		138.86		-103.3						
41.113		218.7		-0.519		0.0		-0.0009		139.67		-113.4						
41.211		232.6		-0.519		-2.5		0.0037		140.10		-120.6						
41.309		244.3		-0.500		-3.8		-0.0025		139.07		-122.1						
41.406		256.1		-0.487		-3.8		-0.0025		139.07		-124.8						
41.504		271.3		-0.468		-5.1		-0.0040		138.71		-127.0						
41.602		283.0		-0.458		-5.1		-0.0025		138.94		-129.6						
41.699		299.1		-0.441		-2.5		0.0006		139.65		-131.9						
41.797		310.0		-0.445		0.0		-0.0009		139.67		-138.0						
41.895		323.5		-0.418		-5.1		-0.0086		138.03		-135.2						
41.992		332.6		-0.409		-5.1		-0.0025		138.94		-136.2						
42.090		347.0		-0.395		-2.5		-0.0025		139.19		-137.0						
42.188		353.9		-0.403		-3.8		-0.0040		138.84		-142.7						
42.285		364.8		-0.380		-5.1		-0.0040		138.71		-138.6						
42.383		376.5		-0.370		-3.8		-0.0025		139.07		-139.1						
42.480		385.2		-0.355		-2.5		-0.0025		139.19		-136.7						
42.578		396.5		-0.334		-3.8		-0.0040		138.84		-132.4						
42.676		404.3		-0.319		-6.3		-0.0040		138.59		-129.1						
42.773		417.4		-0.317		-3.8		-0.0025		139.07		-132.3						
42.871		423.9		-0.281		-2.5		-0.0025		139.19		-119.3						
42.969		437.8		-0.281		-2.5		-0.0055		138.74		-123.2						
43.066		450.9		-0.248		-6.3		-0.0071		138.13		-111.7						
43.164		456.5		-0.241		-5.1		-0.0025		138.94		-110.2						
43.262		468.7		-0.223		-3.8		-0.0055		138.61		-104.3						
43.359		480.4		-0.204		-5.1		-0.0040		138.71		-97.9						
43.457		490.9		-0.195		-2.5		-0.0025		139.19		-95.9						
43.555		497.0		-0.168		-2.5		-0.0055		138.74		-83.5						
43.652		505.2		-0.145		-6.3		-0.0040		138.59		-73.2						
43.750		513.9		-0.134		-3.8		-0.0025		139.07		-69.1						
43.848		520.9		-0.109		-1.2		-0.0025		139.32		-56.9						
43.945		530.9		-0.082		-3.8		-0.0086		138.16		-43.5						
44.043		539.6		-0.065		-3.8		-0.0025		139.07		-35.1						
44.141		547.0		-0.046		-2.5		-0.0040		138.96		-25.3						
44.238		552.2		-0.027		-3.8		-0.0040		138.84		-15.1						
44.336		558.7		-0.004		-5.1		-0.0009		139.17		-2.3						
44.434		558.7		0.023		-5.1		-0.0009		139.17		12.9						
44.531		553.9		0.040		-3.8		0.0006		139.52		22.1						
44.629		553.5		0.050		-3.8		-0.0009		139.29		27.9						
44.727		556.5		0.073		-5.1		-0.0040		138.71		40.9						
44.824		559.6		0.099		-6.3		0.0006		139.27		55.2						
44.922		553.5		0.111		-2.5		0.0021		139.87		61.6						
45.020		557.0		0.149		-2.5		-0.0009		139.42		83.0						
45.117		555.2		0.168		-6.3		-0.0055		138.36		93.3						
45.215		550.4		0.181		-5.1		0.0021		139.62		99.4						
45.313		549.6		0.197		-1.2		-0.0163		137.26		108.5						
45.410		543.0		0.231		-5.1		-0.0009		139.17		125.4						
45.508		542.2		0.244		-2.5		0.0006		139.65		132.1						
45.605		539.1		0.269		-3.8		-0.0009		139.29		144.9						
45.703		527.4		0.275		-6.3		-0.0009		139.04		145.1						
45.801		529.1		0.296		-3.8		0.0021		139.75		156.7						
45.898		517.0		0.311		0.0		0.0006		139.90		160.7						
45.996		514.8		0.325		-3.8		-0.0025		139.07		167.5						
46.094		504.3		0.346		-6.3		0.0006		139.27		174.7						
46.191		496.5		0.346		-2.5		0.0021		139.87		172.0						
46.289		484.8		0.378		-2.5		-0.0009		139.42		183.2						
46.387		480.0		0.388		-3.8		0.0006		139.52		186.5						
46.484		469.6		0.397		-3.8		0.0006		139.52		186.3						
46.582		461.3		0.399		-2.5		0.0021		139.87		184.0						
46.680		453.5		0.422		-2.5		0.0021		139.87		191.4						
46.777		444.8		0.424		-2.5		-0.0009		139.42		188.7						
46.875		434.3		0.439		-2.5		0.0006		139.65		190.6						
46.973		423.0		0.441		-2.5		0.0037		140.10		186.5						
47.070		416.1		0.456		-2.5		-0.0025		139.19		189.6						
47.168		403.5		0.479		-7.6		-0.0055		138.24		193.2						
47.266		392.2		0.470		-6.3		0.0037		139.72		184.5						
47.363		383.9		0.491		-2.5		-0.0224		136.23		188.6						
47.461		372.6		0.500		-3.8		0.0006		139.52		186.2						
47.559		369.6		0.502		-3.8		0.0006		139.52		185.5						
47.656		355.7		0.523		-2.5		0.0006		139.65		185.9						
47.754		343.0		0.538		-5.1		-0.0009		139.17		184.4						
47.852		333.9		0.561		-3.8		0.0021		139.75		187.2						
47.949		322.6		0.571		-1.2		0.0006		139.77		184.3						
48.047		310.9		0.590		-3.8		-0.0025		139.07		183.4						
48.145		295.7		0.590		-5.1		0.0021		139.62		174.4						
48.242		283.9		0.615		-2.5		0.0006		139.65		174.7						
48.340		267.4		0.619		-3.8		-0.0009		139.29		165.6						
48.438		251.7		0.628		-5.1		0.0006		139.40		158.0						
48.535		234.3		0.634		-2.5		0.0021		139.87		148.6						
48.633		220.0		0.630		-3.8		0.0006		139.52		138.6						
48.730		202.6		0.636		-3.8		-0.0025		139.07		128.9						
48.828		187.8		0.638		-3.8		-0.0009		139.29		119.9						
48.926		169.6		0.643		-3.8		-0.0009		139.29		108.9						
49.023		156.1		0.640		-3.8		0.0006		139.52		100.0						
49.121		138.7		0.636		-3.8		-0.0009		139.29		88.2						
49.219		125.2		0.634		-6.3		-0.0055		138.36		79.4						
49.316		110.0		0.643		-5.1		0.0006		139.40		70.7						
49.414		94.8		0.640		-5.1		-0.0025		138.94		60.7						
49.512		77.4		0.632		-5.1		-0.0009		139.17		48.9						
49.609		58.7		0.632		-3.8		-0.0009		139.29		37.1						
49.707		40.0		0.634		-3.8		-0.0025		139.07		25.4						
49.805		20.0		0.626		-5.1		-0.0009		139.17		12.5						
49.902		3.5		0.624		-2.5		0.0021		139.87		2.2						
