Oscilloscope Trace Export		
Festo Didactic LVDAC-EMS 3.21		
		
		
		Ch1		Ch2		Ch3		Ch4		Ch5		Ch6		Ch7		Ch8		
Time 		E1		I1		AI8		AI7		Pm		P1		Off		Off		
(ms)		(V)		(A)		(r/min)		(N·m)		(W)		(W)		()		()		
0.000		5.7		-0.088		-1.3		0.0017		188.5		-0.5						
0.098		25.2		-0.067		-1.3		0.0033		188.3		-1.7						
0.195		40.9		-0.029		0.0		0.0002		188.6		-1.2						
0.293		60.0		-0.015		-2.6		0.0063		188.1		-0.9						
0.391		77.0		0.004		-2.6		0.0063		188.1		0.3						
0.488		96.5		0.023		1.2		0.0063		187.5		2.2						
0.586		109.6		0.057		0.0		0.0033		188.1		6.2						
0.684		126.5		0.071		-2.6		0.0063		188.1		9.0						
0.781		141.3		0.092		-1.3		0.0048		188.1		13.1						
0.879		156.5		0.128		3.8		0.0048		187.4		20.0						
0.977		171.3		0.134		-1.3		0.0048		188.1		23.0						
1.074		186.1		0.172		-1.3		0.0048		188.1		32.0						
1.172		197.4		0.208		0.0		0.0048		187.9		41.0						
1.270		211.3		0.229		0.0		0.0048		187.9		48.4						
1.367		225.2		0.254		-1.3		0.0033		188.3		57.2						
1.465		238.7		0.273		-1.3		0.0048		188.1		65.2						
1.563		248.7		0.298		-1.3		0.0063		187.9		74.2						
1.660		259.1		0.317		-1.3		0.0048		188.1		82.2						
1.758		275.2		0.344		-2.6		0.0033		188.5		94.8						
1.855		285.7		0.355		-2.6		0.0063		188.1		101.4						
1.953		296.5		0.376		1.2		0.0063		187.5		111.4						
2.051		307.4		0.405		0.0		0.0048		187.9		124.6						
2.148		314.8		0.420		0.0		0.0079		187.5		132.2						
2.246		325.2		0.439		-1.3		0.0048		188.1		142.7						
2.344		333.5		0.456		-1.3		0.0048		188.1		151.9						
2.441		343.9		0.487		-1.3		0.0063		187.9		167.5						
2.539		352.2		0.502		1.2		0.0063		187.5		176.7						
2.637		361.7		0.508		-1.3		0.0033		188.3		183.8						
2.734		372.6		0.531		-2.6		0.0033		188.5		197.9						
2.832		380.4		0.544		-2.6		0.0048		188.3		206.9						
2.930		390.0		0.548		3.8		0.0033		187.6		213.7						
3.027		397.4		0.552		-1.3		0.0033		188.3		219.5						
3.125		407.4		0.571		-1.3		0.0048		188.1		232.7						
3.223		417.0		0.586		1.2		0.0063		187.5		244.3						
3.320		430.9		0.596		2.5		0.0048		187.6		256.9						
3.418		439.1		0.603		-1.3		0.0033		188.3		264.6						
3.516		444.3		0.615		0.0		0.0048		187.9		273.4						
3.613		452.6		0.640		0.0		0.0048		187.9		289.9						
3.711		461.7		0.664		1.2		0.0033		188.0		306.4						
3.809		473.0		0.653		-2.6		0.0033		188.5		308.9						
3.906		479.6		0.664		-1.3		0.0033		188.3		318.2						
4.004		487.0		0.680		2.5		0.0079		187.1		331.3						
4.102		491.7		0.682		0.0		0.0033		188.1		335.6						
4.199		497.4		0.682		1.2		0.0048		187.8		339.4						
4.297		503.0		0.706		0.0		0.0048		187.9		354.9						
4.395		507.4		0.727		0.0		0.0048		187.9		368.6						
4.492		505.7		0.735		0.0		0.0063		187.7		371.6						
4.590		503.9		0.743		2.5		0.0079		187.1		374.6						
4.688		504.3		0.756		2.5		0.0048		187.6		381.2						
4.785		501.7		0.762		-1.3		0.0063		187.9		382.4						
4.883		503.5		0.773		1.2		0.0048		187.8		389.0						
4.980		507.0		0.781		3.8		0.0063		187.2		396.0						
5.078		503.9		0.777		1.2		0.0048		187.8		391.5						
5.176		503.0		0.773		1.2		0.0048		187.8		388.7						
5.273		500.0		0.779		1.2		0.0063		187.5		389.5						
5.371		492.2		0.771		1.2		0.0048		187.8		379.3						
5.469		491.3		0.783		1.2		0.0048		187.8		384.8						
5.566		487.8		0.785		1.2		0.0063		187.5		383.1						
5.664		484.8		0.771		1.2		0.0063		187.5		373.6						
5.762		478.7		0.773		2.5		0.0048		187.6		369.9						
5.859		475.2		0.794		1.2		0.0033		188.0		377.2						
5.957		463.5		0.769		0.0		0.0063		187.7		356.2						
6.055		457.4		0.771		5.1		0.0094		186.6		352.5						
6.152		450.0		0.766		1.2		0.0048		187.8		344.9						
6.250		443.9		0.741		2.5		-0.0013		188.4		329.0						
6.348		433.0		0.735		2.5		0.0079		187.1		318.2						
6.445		425.7		0.716		2.5		0.0048		187.6		304.8						
6.543		416.5		0.716		0.0		0.0063		187.7		298.2						
6.641		410.9		0.699		3.8		0.0079		187.0		287.3						
6.738		404.8		0.695		3.8		0.0079		187.0		281.3						
6.836		393.5		0.682		1.2		0.0033		188.0		268.5						
6.934		390.0		0.668		1.2		0.0063		187.5		260.4						
7.031		380.0		0.655		3.8		0.0063		187.2		248.9						
7.129		369.1		0.647		1.2		0.0063		187.5		238.7						
7.227		358.3		0.632		2.5		0.0048		187.6		226.4						
7.324		348.7		0.615		1.2		0.0063		187.5		214.5						
7.422		341.3		0.603		1.2		0.0063		187.5		205.7						
7.520		335.7		0.580		1.2		0.0048		187.8		194.5						
7.617		326.5		0.577		1.2		0.0063		187.5		188.5						
7.715		317.4		0.552		2.5		0.0079		187.1		175.3						
7.813		306.5		0.542		1.2		0.0063		187.5		166.1						
7.910		294.8		0.512		1.2		0.0048		187.8		151.0						
8.008		284.8		0.510		0.0		0.0063		187.7		145.3						
8.105		272.6		0.496		2.5		0.0109		186.7		135.1						
8.203		259.1		0.468		-1.3		0.0063		187.9		121.3						
8.301		246.1		0.449		0.0		-0.0213		191.6		110.6						
8.398		229.6		0.441		-1.3		0.0063		187.9		101.2						
8.496		214.3		0.414		-2.6		0.0048		188.3		88.7						
8.594		201.7		0.388		-3.9		0.0063		188.3		78.4						
8.691		186.5		0.363		-1.3		0.0094		187.5		67.8						
8.789		174.3		0.357		0.0		0.0063		187.7		62.2						
8.887		160.9		0.334		-3.9		0.0033		188.7		53.7						
8.984		143.0		0.311		-2.6		0.0063		188.1		44.5						
9.082		130.4		0.279		-2.6		0.0048		188.3		36.4						
9.180		115.7		0.275		-1.3		0.0079		187.7		31.8						
9.277		104.8		0.246		-3.9		0.0048		188.5		25.7						
9.375		89.1		0.218		-2.6		0.0079		187.9		19.5						
9.473		73.9		0.195		-2.6		0.0048		188.3		14.4						
9.570		57.0		0.174		-3.9		0.0048		188.5		9.9						
9.668		39.6		0.157		-2.6		0.0048		188.3		6.2						
9.766		18.3		0.136		-3.9		0.0063		188.3		2.5						
9.863		0.4		0.107		-3.9		0.0048		188.5		0.0						
9.961		-14.8		0.078		-5.1		0.0033		188.9		-1.1						
10.059		-34.3		0.038		-5.1		0.0048		188.6		-1.3						
10.156		-50.4		0.034		-2.6		0.0079		187.9		-1.7						
10.254		-64.8		0.006		-2.6		0.0048		188.3		-0.4						
10.352		-84.3		-0.025		-1.3		-0.0044		189.4		2.1						
10.449		-97.0		-0.048		-3.9		0.0002		189.1		4.7						
10.547		-120.0		-0.055		-3.9		0.0017		188.9		6.6						
10.645		-134.8		-0.090		-3.9		0.0017		188.9		12.2						
10.742		-152.6		-0.109		-3.9		0.0033		188.7		16.7						
10.840		-168.3		-0.147		-1.3		0.0033		188.3		24.7						
10.938		-178.7		-0.170		-3.9		-0.0013		189.3		30.4						
11.035		-191.7		-0.191		-3.9		0.0033		188.7		36.6						
11.133		-206.1		-0.223		-3.9		0.0002		189.1		45.9						
11.230		-217.4		-0.248		-5.1		0.0033		188.9		53.9						
11.328		-228.3		-0.269		-3.9		0.0017		188.9		61.3						
11.426		-241.3		-0.290		-2.6		0.0017		188.7		69.9						
11.523		-257.4		-0.317		-3.9		0.0033		188.7		81.6						
11.621		-264.3		-0.340		-3.9		-0.0013		189.3		89.9						
11.719		-278.7		-0.351		-5.1		0.0002		189.3		97.7						
11.816		-286.5		-0.370		-2.6		0.0048		188.3		105.9						
11.914		-298.3		-0.397		-2.6		0.0017		188.7		118.4						
12.012		-308.7		-0.426		-6.4		-0.0013		189.7		131.6						
12.109		-317.4		-0.443		-5.1		0.0017		189.1		140.6						
12.207		-327.8		-0.460		-2.6		0.0033		188.5		150.7						
12.305		-338.7		-0.491		-2.6		0.0002		188.9		166.4						
12.402		-347.8		-0.485		-2.6		-0.0029		189.4		168.7						
12.500		-357.8		-0.521		-2.6		0.0017		188.7		186.3						
12.598		-366.1		-0.525		-3.9		0.0017		188.9		192.2						
12.695		-376.1		-0.538		-3.9		0.0017		188.9		202.2						
12.793		-387.4		-0.548		-2.6		0.0033		188.5		212.3						
12.891		-393.0		-0.571		-2.6		0.0017		188.7		224.5						
12.988		-404.3		-0.590		-3.9		0.0002		189.1		238.6						
13.086		-413.9		-0.586		-3.9		0.0033		188.7		242.5						
13.184		-419.1		-0.594		-1.3		-0.0013		189.0		249.1						
13.281		-429.1		-0.613		-1.3		0.0033		188.3		263.1						
13.379		-442.2		-0.615		-2.6		0.0017		188.7		272.0						
13.477		-450.4		-0.630		0.0		0.0017		188.4		283.7						
13.574		-457.4		-0.632		-1.3		0.0002		188.8		289.1						
13.672		-468.7		-0.659		-2.6		0.0002		188.9		309.0						
13.770		-476.5		-0.680		-2.6		0.0017		188.7		324.2						
13.867		-482.6		-0.676		0.0		0.0033		188.1		326.3						
13.965		-489.6		-0.687		0.0		0.0017		188.4		336.1						
14.063		-497.4		-0.710		-1.3		-0.0013		189.0		353.0						
14.160		-500.9		-0.708		-2.6		0.0002		188.9		354.4						
14.258		-500.9		-0.722		-2.6		0.0002		188.9		361.8						
14.355		-508.3		-0.731		1.2		0.0002		188.4		371.4						
14.453		-507.0		-0.739		0.0		-0.0029		189.0		374.7						
14.551		-505.7		-0.743		0.0		0.0002		188.6		375.9						
14.648		-506.5		-0.769		-1.3		0.0002		188.8		389.3						
14.746		-505.2		-0.766		-1.3		0.0002		188.8		387.2						
14.844		-503.0		-0.777		1.2		0.0033		188.0		390.8						
14.941		-506.1		-0.785		1.2		0.0002		188.4		397.4						
15.039		-504.3		-0.779		-1.3		-0.0013		189.0		392.9						
15.137		-500.9		-0.779		-1.3		0.0033		188.3		390.2						
15.234		-498.7		-0.796		0.0		0.0063		187.7		396.9						
15.332		-497.4		-0.792		0.0		0.0017		188.4		393.7						
15.430		-494.3		-0.785		0.0		0.0002		188.6		388.2						
15.527		-488.3		-0.779		0.0		0.0048		187.9		380.4						
15.625		-481.7		-0.785		0.0		0.0017		188.4		378.3						
15.723		-478.3		-0.794		0.0		0.0017		188.4		379.6						
15.820		-471.7		-0.781		0.0		0.0002		188.6		368.5						
15.918		-462.2		-0.760		-1.3		0.0017		188.5		351.3						
16.016		-454.3		-0.760		0.0		0.0033		188.1		345.4						
16.113		-449.1		-0.766		-1.3		-0.0013		189.0		344.2						
16.211		-441.3		-0.745		-2.6		0.0033		188.5		329.0						
16.309		-436.1		-0.748		0.0		0.0033		188.1		326.0						
16.406		-426.5		-0.720		3.8		0.0033		187.6		307.2						
16.504		-419.6		-0.718		1.2		-0.0059		189.2		301.3						
16.602		-410.9		-0.699		2.5		0.0017		188.0		287.3						
16.699		-402.6		-0.699		1.2		0.0017		188.2		281.5						
16.797		-392.2		-0.680		1.2		0.0033		188.0		266.8						
16.895		-383.5		-0.670		2.5		0.0033		187.8		256.9						
16.992		-373.5		-0.657		2.5		0.0017		188.0		245.5						
17.090		-367.0		-0.645		0.0		0.0002		188.6		236.5						
17.188		-359.1		-0.622		0.0		0.0063		187.7		223.2						
17.285		-350.0		-0.609		0.0		0.0033		188.1		213.1						
17.383		-342.2		-0.603		0.0		0.0033		188.1		206.2						
17.480		-332.2		-0.571		-1.3		0.0002		188.8		189.7						
17.578		-326.1		-0.571		0.0		0.0048		187.9		186.2						
17.676		-314.3		-0.546		0.0		0.0033		188.1		171.6						
17.773		-303.5		-0.529		0.0		0.0017		188.4		160.6						
17.871		-294.8		-0.529		1.2		0.0017		188.2		156.0						
17.969		-279.6		-0.493		0.0		0.0033		188.1		137.9						
18.066		-270.4		-0.475		1.2		0.0017		188.2		128.3						
18.164		-256.5		-0.477		5.1		0.0002		187.9		122.3						
18.262		-243.0		-0.447		3.8		0.0017		187.8		108.7						
18.359		-226.5		-0.437		3.8		0.0033		187.6		98.9						
18.457		-211.3		-0.409		8.9		0.0017		187.1		86.5						
18.555		-197.4		-0.395		5.1		-0.0059		188.7		77.9						
18.652		-183.5		-0.365		10.2		0.0002		187.1		67.0						
18.750		-167.8		-0.353		5.1		-0.0013		188.1		59.2						
18.848		-153.5		-0.319		5.1		0.0017		187.6		49.0						
18.945		-138.7		-0.298		5.1		0.0033		187.4		41.4						
19.043		-127.8		-0.271		6.3		0.0017		187.5		34.6						
19.141		-114.8		-0.260		3.8		-0.0059		188.9		29.9						
19.238		-100.9		-0.237		2.5		0.0002		188.2		23.9						
19.336		-86.1		-0.223		3.8		-0.0029		188.5		19.2						
19.434		-67.8		-0.202		2.5		-0.0029		188.6		13.7						
19.531		-53.9		-0.181		3.8		-0.0029		188.5		9.7						
19.629		-35.2		-0.149		3.8		-0.0029		188.5		5.3						
19.727		-15.2		-0.124		5.1		-0.0029		188.3		1.9						
19.824		1.7		-0.090		3.8		-0.0059		188.9		-0.2						
19.922		19.6		-0.076		3.8		-0.0044		188.7		-1.5						
20.020		37.0		-0.048		5.1		-0.0013		188.1		-1.8						
20.117		54.3		-0.021		5.1		-0.0044		188.5		-1.1						
20.215		71.7		-0.008		2.5		-0.0029		188.6		-0.6						
20.313		88.3		0.010		1.2		-0.0013		188.6		0.9						
20.410		106.1		0.038		2.5		0.0033		187.8		4.0						
20.508		121.3		0.073		5.1		0.0002		187.9		8.9						
20.605		140.0		0.078		3.8		-0.0059		188.9		10.9						
20.703		153.9		0.113		-9.0		0.0002		189.8		17.5						
20.801		167.8		0.139		3.8		-0.0013		188.2		23.3						
20.898		181.7		0.166		3.8		0.0017		187.8		30.1						
20.996		192.6		0.185		5.1		0.0017		187.6		35.6						
21.094		207.0		0.218		5.1		0.0017		187.6		45.2						
21.191		220.9		0.239		5.1		-0.0013		188.1		52.9						
21.289		234.8		0.262		1.2		0.0017		188.2		61.6						
21.387		247.4		0.286		3.8		0.0033		187.6		70.6						
21.484		258.7		0.317		3.8		0.0002		188.0		82.0						
21.582		269.6		0.334		3.8		0.0017		187.8		90.0						
21.680		279.6		0.351		5.1		0.0017		187.6		98.0						
21.777		290.4		0.380		5.1		0.0002		187.9		110.4						
21.875		299.1		0.405		3.8		0.0002		188.0		121.2						
21.973		309.6		0.418		3.8		0.0002		188.0		129.4						
22.070		322.6		0.447		3.8		0.0017		187.8		144.3						
22.168		330.0		0.441		5.1		0.0002		187.9		145.5						
22.266		338.7		0.485		2.5		-0.0044		188.9		164.3						
22.363		348.3		0.498		1.2		-0.0013		188.6		173.3						
22.461		358.7		0.521		5.1		0.0017		187.6		186.8						
22.559		367.8		0.542		6.3		0.0002		187.7		199.3						
22.656		376.1		0.556		2.5		-0.0075		189.3		209.3						
22.754		385.7		0.554		-24.3		0.0002		192.0		213.8						
22.852		396.5		0.573		3.8		0.0002		188.0		227.3						
22.949		406.1		0.586		2.5		0.0002		188.2		237.9						
23.047		412.2		0.586		3.8		0.0017		187.8		241.5						
23.145		423.5		0.601		2.5		0.0002		188.2		254.3						
23.242		431.3		0.619		0.0		-0.0013		188.8		267.2						
23.340		441.7		0.615		-2.6		0.0002		188.9		271.8						
23.438		450.0		0.636		-1.3		0.0002		188.8		286.3						
23.535		459.1		0.643		1.2		0.0002		188.4		295.0						
23.633		469.6		0.672		-1.3		-0.0013		189.0		315.5						
23.730		474.3		0.668		-2.6		0.0002		188.9		316.7						
23.828		484.3		0.670		1.2		0.0002		188.4		324.4						
23.926		493.5		0.701		0.0		-0.0013		188.8		346.1						
24.023		496.1		0.697		-1.3		-0.0013		189.0		345.8						
24.121		500.9		0.710		1.2		0.0017		188.2		355.5						
24.219		505.2		0.727		2.5		0.0033		187.8		367.0						
24.316		505.2		0.733		0.0		0.0017		188.4		370.2						
24.414		506.5		0.733		-2.6		0.0017		188.7		371.2						
24.512		504.3		0.752		-1.3		0.0033		188.3		379.1						
24.609		499.1		0.771		2.5		0.0033		187.8		384.6						
24.707		505.2		0.762		0.0		-0.0044		189.2		385.1						
24.805		503.0		0.775		-12.8		0.0048		189.7		389.8						
24.902		505.2		0.775		1.2		0.0033		188.0		391.4						
25.000		503.0		0.773		0.0		0.0017		188.4		388.7						
25.098		497.4		0.785		1.2		0.0048		187.8		390.6						
25.195		496.1		0.806		3.8		0.0048		187.4		400.0						
25.293		494.3		0.783		1.2		0.0033		188.0		387.2						
25.391		485.2		0.781		-1.3		0.0033		188.3		379.0						
25.488		482.2		0.775		2.5		0.0063		187.4		373.6						
25.586		482.2		0.792		-2.6		0.0033		188.5		381.7						
25.684		473.9		0.779		1.2		0.0033		188.0		369.2						
25.781		466.1		0.773		1.2		0.0048		187.8		360.1						
25.879		459.1		0.766		1.2		0.0033		188.0		351.9						
25.977		455.7		0.764		2.5		0.0048		187.6		348.3						
26.074		443.9		0.756		1.2		0.0033		188.0		335.6						
26.172		440.0		0.756		0.0		0.0048		187.9		332.6						
26.270		430.9		0.741		2.5		0.0048		187.6		319.4						
26.367		423.9		0.729		1.2		0.0033		188.0		308.9						
26.465		414.8		0.710		-1.3		0.0033		188.3		294.4						
26.563		407.4		0.701		1.2		0.0063		187.5		285.7						
26.660		399.1		0.682		3.8		0.0063		187.2		272.4						
26.758		387.8		0.668		1.2		-0.0013		188.6		259.0						
26.855		379.1		0.670		-2.6		0.0048		188.3		253.9						
26.953		370.9		0.649		3.8		0.0063		187.2		240.6						
27.051		366.5		0.634		0.0		0.0048		187.9		232.4						
27.148		355.7		0.624		1.2		0.0079		187.3		221.8						
27.246		345.2		0.609		3.8		0.0063		187.2		210.2						
27.344		337.4		0.588		3.8		0.0048		187.4		198.4						
27.441		327.8		0.584		-1.3		0.0048		188.1		191.4						
27.539		317.0		0.567		2.5		0.0079		187.1		179.7						
27.637		310.4		0.535		-2.6		0.0063		188.1		166.2						
27.734		297.0		0.523		1.2		0.0048		187.8		155.3						
27.832		286.5		0.506		3.8		0.0063		187.2		145.0						
27.930		272.6		0.485		2.5		0.0048		187.6		132.2						
28.027		264.3		0.483		1.2		0.0048		187.8		127.7						
28.125		248.3		0.451		1.2		0.0048		187.8		112.1						
28.223		234.8		0.439		2.5		0.0063		187.4		103.0						
28.320		219.6		0.414		3.8		0.0033		187.6		90.8						
28.418		203.0		0.395		2.5		0.0017		188.0		80.2						
28.516		191.3		0.372		0.0		0.0033		188.1		71.1						
28.613		180.4		0.361		1.2		0.0063		187.5		65.2						
28.711		163.5		0.351		3.8		0.0063		187.2		57.3						
28.809		149.6		0.311		3.8		0.0002		188.0		46.5						
28.906		134.8		0.294		-1.3		0.0033		188.3		39.6						
29.004		120.9		0.271		2.5		0.0048		187.6		32.7						
29.102		107.4		0.248		2.5		0.0033		187.8		26.6						
29.199		93.9		0.231		2.5		0.0063		187.4		21.7						
29.297		78.3		0.197		2.5		0.0063		187.4		15.4						
29.395		60.4		0.189		2.5		0.0048		187.6		11.4						
29.492		45.7		0.168		0.0		0.0033		188.1		7.7						
29.590		26.1		0.139		3.8		0.0094		186.7		3.6						
29.688		9.1		0.115		1.2		0.0033		188.0		1.1						
29.785		-6.5		0.090		2.5		0.0033		187.8		-0.6						
29.883		-26.1		0.071		2.5		0.0033		187.8		-1.9						
29.980		-45.7		0.044		1.2		0.0033		188.0		-2.0						
30.078		-60.9		0.013		1.2		0.0033		188.0		-0.8						
30.176		-80.0		-0.008		0.0		0.0033		188.1		0.7						
30.273		-96.5		-0.042		1.2		0.0017		188.2		4.1						
30.371		-110.4		-0.048		3.8		0.0002		188.0		5.3						
30.469		-128.3		-0.084		1.2		-0.0029		188.8		10.8						
30.566		-147.8		-0.109		0.0		0.0002		188.6		16.1						
30.664		-157.8		-0.118		2.5		0.0017		188.0		18.6						
30.762		-173.0		-0.153		2.5		0.0002		188.2		26.5						
30.859		-187.0		-0.178		2.5		-0.0013		188.4		33.4						
30.957		-199.1		-0.197		1.2		0.0002		188.4		39.3						
31.055		-214.3		-0.229		1.2		0.0002		188.4		49.1						
31.152		-227.8		-0.239		0.0		0.0002		188.6		54.5						
31.250		-240.0		-0.275		0.0		0.0017		188.4		66.0						
31.348		-252.6		-0.298		2.5		0.0002		188.2		75.3						
31.445		-260.9		-0.319		1.2		-0.0013		188.6		83.3						
31.543		-275.7		-0.334		-1.3		0.0002		188.8		92.0						
31.641		-283.9		-0.359		3.8		0.0063		187.2		101.9						
31.738		-293.5		-0.374		2.5		0.0002		188.2		109.7						
31.836		-304.8		-0.401		1.2		0.0002		188.4		122.2						
31.934		-316.5		-0.424		2.5		0.0017		188.0		134.3						
32.031		-326.5		-0.439		2.5		0.0002		188.2		143.3						
32.129		-333.0		-0.451		1.2		-0.0013		188.6		150.4						
32.227		-345.2		-0.479		0.0		0.0002		188.6		165.3						
32.324		-353.0		-0.498		0.0		-0.0013		188.8		175.7						
32.422		-364.8		-0.514		1.2		0.0017		188.2		187.7						
32.520		-373.5		-0.527		1.2		-0.0013		188.6		196.8						
32.617		-381.3		-0.542		0.0		-0.0013		188.8		206.6						
32.715		-392.2		-0.559		0.0		0.0017		188.4		219.0						
32.813		-400.0		-0.569		2.5		0.0002		188.2		227.6						
32.910		-408.7		-0.575		1.2		-0.0029		188.8		235.1						
33.008		-414.8		-0.586		-2.6		-0.0029		189.4		243.0						
33.105		-429.6		-0.598		1.2		0.0002		188.4		257.1						
33.203		-439.6		-0.609		0.0		0.0017		188.4		267.7						
33.301		-444.8		-0.626		0.0		0.0048		187.9		278.3						
33.398		-453.0		-0.636		2.5		0.0017		188.0		288.2						
33.496		-464.8		-0.638		1.2		0.0002		188.4		296.7						
33.594		-470.9		-0.670		-2.6		0.0002		188.9		315.4						
33.691		-478.3		-0.678		1.2		0.0063		187.5		324.4						
33.789		-484.8		-0.676		0.0		0.0002		188.6		327.8						
33.887		-493.0		-0.695		0.0		0.0017		188.4		342.7						
33.984		-498.7		-0.699		0.0		0.0002		188.6		348.7						
34.082		-504.8		-0.712		0.0		0.0017		188.4		359.3						
34.180		-507.4		-0.720		1.2		-0.0029		188.8		365.4						
34.277		-504.8		-0.731		0.0		-0.0029		189.0		368.8						
34.375		-503.5		-0.750		0.0		-0.0013		188.8		377.4						
34.473		-509.1		-0.750		1.2		-0.0029		188.8		381.6						
34.570		-503.9		-0.766		1.2		-0.0029		188.8		386.2						
34.668		-503.9		-0.760		-2.6		-0.0044		189.6		383.0						
34.766		-501.3		-0.777		0.0		0.0017		188.4		389.5						
34.863		-504.8		-0.783		5.1		-0.0013		188.1		395.3						
34.961		-502.2		-0.792		2.5		-0.0013		188.4		397.5						
35.059		-498.7		-0.787		-2.6		0.0002		188.9		392.7						
35.156		-496.5		-0.781		1.2		-0.0013		188.6		387.8						
35.254		-492.6		-0.790		1.2		0.0002		188.4		388.9						
35.352		-490.0		-0.769		1.2		0.0002		188.4		376.6						
35.449		-484.3		-0.785		2.5		-0.0013		188.4		380.4						
35.547		-477.4		-0.773		2.5		-0.0029		188.6		368.9						
35.645		-476.5		-0.766		-1.3		-0.0013		189.0		365.2						
35.742		-467.0		-0.762		2.5		0.0048		187.6		355.9						
35.840		-461.7		-0.773		2.5		0.0002		188.2		356.8						
35.938		-453.5		-0.754		0.0		0.0002		188.6		341.8						
36.035		-446.1		-0.750		1.2		-0.0013		188.6		334.4						
36.133		-437.4		-0.739		1.2		-0.0013		188.6		323.3						
36.230		-430.4		-0.739		1.2		-0.0013		188.6		318.1						
36.328		-420.4		-0.720		1.2		-0.0013		188.6		302.8						
36.426		-413.9		-0.706		0.0		0.0002		188.6		292.0						
36.523		-405.7		-0.699		2.5		0.0002		188.2		283.6						
36.621		-394.8		-0.685		2.5		-0.0029		188.6		270.2						
36.719		-387.0		-0.672		0.0		-0.0029		189.0		260.0						
36.816		-378.7		-0.657		1.2		0.0017		188.2		248.9						
36.914		-369.6		-0.649		3.8		0.0002		188.0		239.8						
37.012		-362.6		-0.649		3.8		0.0002		188.0		235.3						
37.109		-350.9		-0.619		-2.6		0.0017		188.7		217.3						
37.207		-344.8		-0.607		1.2		-0.0013		188.6		209.2						
37.305		-336.5		-0.592		1.2		0.0002		188.4		199.3						
37.402		-324.3		-0.580		2.5		0.0017		188.0		188.0						
37.500		-318.7		-0.561		5.1		0.0002		187.9		178.7						
37.598		-306.5		-0.531		3.8		-0.0029		188.5		162.8						
37.695		-294.8		-0.523		0.0		-0.0013		188.8		154.1						
37.793		-286.5		-0.506		1.2		0.0017		188.2		145.0						
37.891		-273.0		-0.489		2.5		-0.0029		188.6		133.6						
37.988		-260.9		-0.483		2.5		-0.0013		188.4		126.0						
38.086		-247.4		-0.458		1.2		-0.0013		188.6		113.2						
38.184		-231.3		-0.443		-1.3		-0.0013		189.0		102.5						
38.281		-217.4		-0.430		0.0		0.0002		188.6		93.6						
38.379		-203.0		-0.397		-1.3		-0.0029		189.2		80.6						
38.477		-186.5		-0.388		-2.6		-0.0013		189.1		72.5						
38.574		-173.9		-0.365		0.0		-0.0013		188.8		63.5						
38.672		-159.1		-0.344		-1.3		-0.0029		189.2		54.8						
38.770		-143.9		-0.315		-2.6		-0.0029		189.4		45.3						
38.867		-130.0		-0.288		-2.6		0.0002		188.9		37.4						
38.965		-115.2		-0.260		1.2		-0.0013		188.6		30.0						
39.063		-103.0		-0.229		-1.3		-0.0029		189.2		23.6						
39.160		-89.1		-0.216		-6.4		-0.0044		190.1		19.3						
39.258		-75.2		-0.210		-2.6		-0.0044		189.6		15.8						
39.355		-58.3		-0.172		-2.6		-0.0059		189.8		10.0						
39.453		-40.0		-0.172		-2.6		-0.0013		189.1		6.9						
39.551		-23.9		-0.136		0.0		-0.0029		189.0		3.3						
39.648		-1.7		-0.113		-2.6		-0.0044		189.6		0.2						
39.746		13.5		-0.092		-5.1		-0.0059		190.2		-1.2						
39.844		33.5		-0.065		-1.3		-0.0029		189.2		-2.2						
39.941		47.0		-0.038		1.2		-0.0044		189.0		-1.8						
40.039		64.8		-0.015		-1.3		-0.0013		189.0		-1.0						
40.137		81.7		0.013		-2.6		-0.0013		189.1		1.0						
40.234		99.6		0.042		-1.3		0.0002		188.8		4.2						
40.332		117.8		0.061		-2.6		-0.0013		189.1		7.2						
40.430		133.0		0.069		-2.6		-0.0013		189.1		9.2						
40.527		147.4		0.113		-2.6		0.0002		188.9		16.7						
40.625		167.8		0.132		-1.3		-0.0013		189.0		22.2						
40.723		176.5		0.143		-2.6		-0.0029		189.4		25.2						
40.820		190.9		0.181		-3.9		-0.0044		189.8		34.5						
40.918		204.3		0.195		-3.9		0.0002		189.1		39.9						
41.016		217.0		0.229		-1.3		-0.0013		189.0		49.7						
41.113		229.6		0.250		-1.3		-0.0013		189.0		57.4						
41.211		243.0		0.273		-5.1		0.0002		189.3		66.3						
41.309		253.5		0.309		-1.3		-0.0029		189.2		78.2						
41.406		264.3		0.321		-3.9		-0.0013		189.3		84.9						
41.504		278.7		0.353		-1.3		0.0002		188.8		98.3						
41.602		290.4		0.357		0.0		0.0017		188.4		103.7						
41.699		297.4		0.393		-1.3		-0.0013		189.0		116.8						
41.797		305.7		0.414		-2.6		-0.0013		189.1		126.4						
41.895		316.1		0.420		-1.3		-0.0013		189.0		132.7						
41.992		327.4		0.451		1.2		0.0002		188.4		147.8						
42.090		337.8		0.466		-2.6		-0.0029		189.4		157.5						
42.188		346.1		0.472		-2.6		-0.0013		189.1		163.5						
42.285		356.1		0.500		-2.6		-0.0013		189.1		178.0						
42.383		366.1		0.523		-1.3		-0.0013		189.0		191.4						
42.480		376.5		0.527		-2.6		-0.0013		189.1		198.4						
42.578		381.7		0.548		-3.9		-0.0013		189.3		209.2						
42.676		395.2		0.556		-1.3		-0.0013		189.0		219.9						
42.773		401.7		0.577		-1.3		-0.0029		189.2		232.0						
42.871		411.7		0.584		-3.9		-0.0029		189.5		240.3						
42.969		425.2		0.592		-2.6		-0.0013		189.1		251.8						
43.066		430.0		0.609		0.0		-0.0029		189.0		261.8						
43.164		439.6		0.613		-3.9		-0.0029		189.5		269.5						
43.262		450.4		0.624		-7.7		-0.0013		189.9		280.9						
43.359		455.2		0.645		-3.9		-0.0029		189.5		293.4						
43.457		464.3		0.643		-3.9		-0.0013		189.3		298.4						
43.555		472.6		0.651		-3.9		0.0002		189.1		307.6						
43.652		481.3		0.676		-1.3		0.0017		188.5		325.4						
43.750		490.0		0.680		-1.3		-0.0013		189.0		333.4						
43.848		494.3		0.687		-5.1		-0.0013		189.5		339.4						
43.945		499.6		0.712		-5.1		-0.0044		189.9		355.6						
44.043		502.6		0.710		0.0		-0.0029		189.0		356.7						
44.141		500.4		0.727		-2.6		-0.0029		189.4		363.6						
44.238		502.2		0.731		-3.9		-0.0013		189.3		366.9						
44.336		505.2		0.741		-2.6		-0.0013		189.1		374.5						
44.434		503.0		0.741		-2.6		-0.0013		189.1		372.9						
44.531		500.9		0.760		-3.9		-0.0029		189.5		380.7						
44.629		501.3		0.766		-3.9		-0.0013		189.3		384.2						
44.727		504.3		0.773		-2.6		-0.0013		189.1		389.7						
44.824		504.8		0.777		-2.6		-0.0029		189.4		392.2						
44.922		499.6		0.779		-3.9		-0.0029		189.5		389.2						
45.020		494.8		0.783		-2.6		-0.0013		189.1		387.5						
45.117		492.2		0.777		-1.3		0.0002		188.8		382.4						
45.215		490.4		0.777		-2.6		0.0002		188.9		381.0						
45.313		486.1		0.775		-3.9		0.0017		188.9		376.6						
45.410		481.3		0.769		0.0		0.0002		188.6		369.9						
45.508		476.5		0.783		-2.6		0.0002		188.9		373.2						
45.605		471.7		0.769		-2.6		0.0002		188.9		362.5						
45.703		461.3		0.771		-1.3		0.0017		188.5		355.5						
45.801		454.3		0.762		1.2		0.0002		188.4		346.3						
45.898		447.8		0.752		-2.6		-0.0013		189.1		336.6						
45.996		440.0		0.752		-2.6		-0.0013		189.1		330.8						
46.094		433.5		0.727		2.5		0.0002		188.2		314.9						
46.191		423.9		0.727		-1.3		0.0002		188.8		308.0						
46.289		420.9		0.699		-3.9		0.0002		189.1		294.3						
46.387		409.6		0.706		-1.3		0.0017		188.5		289.0						
46.484		402.2		0.687		-1.3		0.0017		188.5		276.1						
46.582		393.0		0.672		-2.6		-0.0013		189.1		264.1						
46.680		382.2		0.672		-2.6		-0.0013		189.1		256.8						
46.777		373.9		0.653		0.0		0.0002		188.6		244.2						
46.875		366.5		0.630		-1.3		0.0002		188.8		230.9						
46.973		356.5		0.636		-3.9		-0.0029		189.5		226.8						
47.070		347.0		0.613		-2.6		0.0002		188.9		212.7						
47.168		340.4		0.598		0.0		0.0033		188.1		203.7						
47.266		330.0		0.569		0.0		0.0017		188.4		187.8						
47.363		320.4		0.577		-2.6		0.0017		188.7		185.0						
47.461		312.6		0.565		-2.6		0.0002		188.9		176.6						
47.559		302.2		0.527		-2.6		0.0002		188.9		159.3						
47.656		289.1		0.512		-2.6		0.0002		188.9		148.1						
47.754		280.0		0.493		-1.3		0.0017		188.5		138.2						
47.852		268.7		0.481		0.0		0.0002		188.6		129.2						
47.949		253.5		0.464		-3.9		-0.0013		189.3		117.6						
48.047		243.5		0.441		-2.6		0.0002		188.9		107.4						
48.145		225.7		0.433		3.8		0.0002		188.0		97.6						
48.242		211.3		0.401		0.0		0.0002		188.6		84.7						
48.340		195.2		0.391		-1.3		-0.0013		189.0		76.2						
48.438		180.4		0.365		0.0		0.0017		188.4		65.9						
48.535		164.8		0.349		-1.3		0.0002		188.8		57.4						
48.633		152.2		0.323		-1.3		-0.0013		189.0		49.2						
48.730		137.8		0.315		-1.3		0.0002		188.8		43.4						
48.828		127.0		0.283		-1.3		-0.0013		189.0		36.0						
48.926		113.0		0.250		-1.3		-0.0013		189.0		28.2						
49.023		97.4		0.231		-3.9		-0.0029		189.5		22.5						
49.121		85.7		0.212		-3.9		0.0017		188.9		18.2						
49.219		67.4		0.195		0.0		0.0033		188.1		13.2						
49.316		50.4		0.172		-1.3		0.0002		188.8		8.7						
49.414		30.9		0.160		-2.6		0.0033		188.5		4.9						
49.512		12.2		0.118		0.0		0.0017		188.4		1.4						
49.609		-1.3		0.107		-3.9		0.0002		189.1		-0.1						
49.707		-19.1		0.078		-3.9		0.0002		189.1		-1.5						
49.805		-38.3		0.050		1.2		0.0033		188.0		-1.9						
49.902		-54.3		0.023		0.0		0.0017		188.4		-1.3						
