Oscilloscope Trace Export		
Festo Didactic LVDAC-EMS 3.21		
		
		
		Ch1		Ch2		Ch3		Ch4		Ch5		Ch6		Ch7		Ch8		
Time 		E1		I1		AI8		AI7		Pm		P1		Off		Off		
(ms)		(V)		(A)		(r/min)		(N·m)		(W)		(W)		()		()		
0.000		8.7		-2.373		-0.3		-0.0046		14.6		-20.6						
0.098		29.6		-2.348		-0.3		-0.0046		14.6		-69.4						
0.195		42.6		-2.282		-1.5		-0.0046		14.3		-97.3						
0.293		61.3		-2.257		-0.3		-0.0031		14.6		-138.4						
0.391		77.8		-2.205		2.3		-0.0046		15.3		-171.6						
0.488		95.7		-2.146		-0.3		-0.0046		14.6		-205.3						
0.586		109.6		-2.106		-0.3		-0.0046		14.6		-230.7						
0.684		124.3		-2.049		1.0		-0.0031		15.0		-254.8						
0.781		141.7		-1.995		2.3		-0.0046		15.3		-282.7						
0.879		157.0		-1.940		-2.8		-0.0107		13.9		-304.5						
0.977		170.9		-1.879		-1.5		-0.0046		14.3		-321.1						
1.074		180.0		-1.820		2.3		-0.0046		15.3		-327.7						
1.172		194.8		-1.753		1.0		-0.0061		15.0		-341.5						
1.270		205.7		-1.705		-1.5		-0.0061		14.3		-350.6						
1.367		218.7		-1.646		1.0		-0.0046		15.0		-360.0						
1.465		230.4		-1.583		2.3		-0.0031		15.3		-364.8						
1.563		242.6		-1.539		2.3		-0.0061		15.3		-373.4						
1.660		254.3		-1.482		-0.3		-0.0092		14.6		-377.0						
1.758		265.2		-1.424		-0.3		-0.0031		14.6		-377.6						
1.855		276.5		-1.354		1.0		-0.0399		14.8		-374.5						
1.953		287.8		-1.302		-0.3		-0.0061		14.6		-374.7						
2.051		296.1		-1.226		2.3		-0.0046		15.3		-363.1						
2.148		308.3		-1.182		1.0		-0.0046		15.0		-364.4						
2.246		318.3		-1.107		1.0		-0.0061		15.0		-352.2						
2.344		322.6		-1.058		-0.3		-0.0061		14.6		-341.4						
2.441		335.7		-0.972		2.3		-0.0061		15.3		-326.3						
2.539		344.3		-0.894		-0.3		-0.0077		14.6		-308.0						
2.637		353.9		-0.813		-1.5		-0.0031		14.3		-287.6						
2.734		364.8		-0.748		2.3		-0.0046		15.3		-272.7						
2.832		369.6		-0.680		4.8		-0.0061		16.0		-251.4						
2.930		376.1		-0.603		-1.5		-0.0123		14.2		-226.6						
3.027		390.4		-0.527		1.0		-0.0061		15.0		-205.8						
3.125		396.1		-0.428		2.3		-0.0046		15.3		-169.7						
3.223		407.0		-0.355		2.3		-0.0077		15.3		-144.4						
3.320		416.5		-0.269		-0.3		-0.0077		14.6		-111.9						
3.418		424.8		-0.191		1.0		-0.0077		15.0		-81.2						
3.516		436.1		-0.101		2.3		-0.0046		15.3		-44.0						
3.613		445.2		-0.019		4.8		-0.0077		16.0		-8.4						
3.711		446.1		0.076		-0.3		-0.0077		14.6		33.7						
3.809		455.2		0.170		-1.5		-0.0015		14.3		77.4						
3.906		462.6		0.237		-0.3		-0.0537		14.4		109.8						
4.004		472.6		0.321		-0.3		-0.0031		14.6		151.8						
4.102		476.5		0.405		1.0		-0.0031		15.0		193.1						
4.199		483.0		0.502		2.3		-0.0031		15.3		242.4						
4.297		487.8		0.571		1.0		-0.0046		15.0		278.6						
4.395		490.0		0.649		2.3		-0.0015		15.3		317.9						
4.492		490.9		0.758		3.6		-0.0031		15.7		372.1						
4.590		493.9		0.829		1.0		-0.0046		15.0		409.6						
4.688		488.3		0.909		-1.5		-0.0031		14.3		443.9						
4.785		490.0		0.981		3.6		-0.0015		15.7		480.5						
4.883		493.9		1.056		4.8		-0.0031		16.0		521.7						
4.980		495.7		1.115		-0.3		-0.0092		14.6		552.6						
5.078		489.6		1.188		1.0		-0.0031		15.0		581.8						
5.176		491.7		1.243		2.3		-0.0031		15.3		611.3						
5.273		487.4		1.314		2.3		-0.0046		15.3		640.6						
5.371		484.3		1.350		2.3		-0.0061		15.3		653.9						
5.469		480.0		1.432		-0.3		-0.0046		14.6		687.4						
5.566		480.4		1.491		3.6		-0.0015		15.7		716.2						
5.664		475.7		1.556		4.8		-0.0046		16.0		740.1						
5.762		470.9		1.613		1.0		-0.0107		14.9		759.3						
5.859		465.7		1.682		-4.1		-0.0169		13.5		783.2						
5.957		457.4		1.741		-10.5		-0.1318		11.3		796.2						
6.055		449.6		1.791		2.3		-0.0015		15.3		805.2						
6.152		443.9		1.844		3.6		-0.0031		15.7		818.4						
6.250		437.0		1.902		1.0		-0.0046		15.0		831.2						
6.348		431.3		1.957		2.3		-0.0031		15.3		844.0						
6.445		419.6		1.995		1.0		0.0015		15.0		836.9						
6.543		413.9		2.060		4.8		0.0000		16.0		852.6						
6.641		407.4		2.098		2.3		-0.0015		15.3		854.6						
6.738		400.0		2.144		1.0		0.0000		15.0		857.5						
6.836		389.6		2.173		2.3		0.0046		15.4		846.6						
6.934		380.0		2.236		4.8		0.0015		16.0		849.8						
7.031		373.0		2.278		-0.3		-0.0046		14.6		849.9						
7.129		363.5		2.303		2.3		0.0015		15.3		837.2						
7.227		357.8		2.329		1.0		0.0015		15.0		833.2						
7.324		348.3		2.387		3.6		-0.0015		15.7		831.4						
7.422		340.4		2.404		2.3		-0.0015		15.3		818.5						
7.520		328.7		2.431		2.3		0.0000		15.3		799.2						
7.617		323.0		2.469		2.3		0.0015		15.3		797.7						
7.715		313.9		2.507		3.6		-0.0015		15.7		787.0						
7.813		303.9		2.520		1.0		-0.0061		15.0		765.8						
7.910		294.8		2.560		-2.8		-0.0107		13.9		754.5						
8.008		284.8		2.581		-6.7		-0.0981		12.5		734.9						
8.105		272.6		2.599		2.3		0.0015		15.3		708.6						
8.203		262.6		2.627		4.8		0.0000		16.0		689.8						
8.301		251.3		2.618		2.3		0.0000		15.3		658.0						
8.398		236.1		2.654		2.3		0.0000		15.3		626.6						
8.496		224.3		2.665		2.3		0.0015		15.3		597.8						
8.594		211.7		2.677		3.6		0.0015		15.7		566.9						
8.691		196.1		2.658		1.0		0.0000		15.0		521.3						
8.789		180.0		2.665		-0.3		0.0000		14.7		479.6						
8.887		167.0		2.665		2.3		0.0031		15.4		444.9						
8.984		152.6		2.665		4.8		0.0000		16.0		406.6						
9.082		137.4		2.633		1.0		-0.0031		15.0		361.8						
9.180		121.7		2.589		1.0		0.0000		15.0		315.2						
9.277		110.0		2.591		3.6		0.0015		15.7		285.0						
9.375		96.5		2.570		1.0		0.0000		15.0		248.1						
9.473		87.8		2.551		1.0		-0.0015		15.0		224.1						
9.570		69.6		2.522		1.0		0.0000		15.0		175.4						
9.668		53.0		2.497		2.3		0.0031		15.4		132.4						
9.766		37.4		2.473		3.6		0.0000		15.7		92.5						
9.863		17.4		2.452		-0.3		-0.0031		14.6		42.7						
9.961		4.8		2.417		-2.8		0.0000		14.0		11.6						
10.059		-13.0		2.354		1.0		-0.0107		14.9		-30.7						
10.156		-31.7		2.331		1.0		0.0000		15.0		-74.0						
10.254		-47.4		2.278		2.3		0.0000		15.3		-108.0						
10.352		-65.7		2.226		1.0		0.0000		15.0		-146.1						
10.449		-83.0		2.184		-0.3		-0.0015		14.6		-181.3						
10.547		-100.4		2.138		-0.3		0.0000		14.7		-214.7						
10.645		-115.7		2.077		1.0		0.0015		15.0		-240.2						
10.742		-134.8		2.024		-0.3		-0.0015		14.6		-272.8						
10.840		-145.7		1.984		-1.5		0.0000		14.3		-289.0						
10.938		-162.2		1.915		-0.3		0.0046		14.7		-310.6						
11.035		-173.5		1.856		2.3		0.0015		15.3		-322.0						
11.133		-185.7		1.804		-0.3		-0.0015		14.6		-334.9						
11.230		-197.0		1.755		-4.1		0.0015		13.6		-345.7						
11.328		-211.7		1.705		1.0		0.0015		15.0		-361.0						
11.426		-224.3		1.634		1.0		0.0031		15.0		-366.5						
11.523		-235.7		1.577		-1.5		0.0000		14.3		-371.6						
11.621		-248.3		1.518		-0.3		0.0031		14.7		-376.9						
11.719		-257.8		1.461		1.0		0.0061		15.0		-376.8						
11.816		-271.3		1.401		2.3		0.0031		15.4		-380.0						
11.914		-279.6		1.346		1.0		0.0000		15.0		-376.3						
12.012		-291.7		1.291		-2.8		0.0015		14.0		-376.7						
12.109		-302.2		1.226		1.0		0.0015		15.0		-370.5						
12.207		-311.3		1.178		6.1		0.0015		16.4		-366.7						
12.305		-320.4		1.104		-0.3		0.0031		14.7		-353.9						
12.402		-329.1		1.023		-0.3		0.0046		14.7		-336.6						
12.500		-339.1		0.939		-0.3		0.0031		14.7		-318.3						
12.598		-347.4		0.876		-0.3		0.0046		14.7		-304.2						
12.695		-357.4		0.792		-0.3		0.0031		14.7		-282.9						
12.793		-366.1		0.729		-1.5		0.0031		14.3		-266.7						
12.891		-373.5		0.649		-1.5		0.0015		14.3		-242.3						
12.988		-381.3		0.565		-0.3		0.0061		14.7		-215.4						
13.086		-394.3		0.491		1.0		0.0031		15.0		-193.8						
13.184		-401.7		0.412		-0.3		0.0031		14.7		-165.3						
13.281		-410.4		0.325		-4.1		0.0046		13.7		-133.6						
13.379		-419.1		0.248		-0.3		0.0061		14.7		-103.8						
13.477		-426.5		0.166		1.0		0.0031		15.0		-70.8						
13.574		-438.3		0.088		-0.3		0.0015		14.7		-38.6						
13.672		-443.0		-0.019		-2.8		0.0000		14.0		8.4						
13.770		-450.4		-0.101		-0.3		0.0015		14.7		45.4						
13.867		-463.5		-0.185		1.0		0.0000		15.0		85.6						
13.965		-470.0		-0.265		-0.3		-0.0015		14.6		124.3						
14.063		-474.8		-0.344		-4.1		0.0015		13.6		163.5						
14.160		-482.2		-0.447		1.0		-0.0061		15.0		215.6						
14.258		-488.3		-0.542		9.9		0.0015		17.4		264.5						
14.355		-491.3		-0.615		-0.3		0.0015		14.7		302.3						
14.453		-489.6		-0.710		-0.3		0.0000		14.7		347.5						
14.551		-493.0		-0.796		-0.3		0.0000		14.7		392.4						
14.648		-491.3		-0.863		-0.3		0.0015		14.7		424.0						
14.746		-490.4		-0.951		1.0		0.0031		15.0		466.5						
14.844		-493.9		-1.016		1.0		0.0000		15.0		502.0						
14.941		-494.3		-1.090		-1.5		0.0015		14.3		538.7						
15.039		-490.9		-1.151		-0.3		0.0031		14.7		564.8						
15.137		-492.6		-1.228		3.6		0.0031		15.7		605.1						
15.234		-492.2		-1.289		-0.3		0.0015		14.7		634.5						
15.332		-487.4		-1.356		-4.1		0.0015		13.6		661.1						
15.430		-483.0		-1.405		3.6		0.0015		15.7		678.5						
15.527		-482.6		-1.455		3.6		0.0000		15.7		702.3						
15.625		-476.1		-1.520		1.0		-0.0031		15.0		723.8						
15.723		-470.9		-1.606		1.0		0.0031		15.0		756.4						
15.820		-468.7		-1.648		4.8		0.0031		16.0		772.5						
15.918		-464.3		-1.701		4.8		0.0000		16.0		789.8						
16.016		-454.8		-1.776		1.0		-0.0031		15.0		807.9						
16.113		-446.5		-1.823		-2.8		-0.0077		13.9		813.8						
16.211		-443.5		-1.873		-5.4		-0.0491		13.0		830.6						
16.309		-437.8		-1.936		-24.5		0.0015		8.2		847.6						
16.406		-427.4		-1.982		2.3		0.0000		15.3		847.2						
16.504		-420.9		-2.033		3.6		-0.0015		15.7		855.4						
16.602		-413.0		-2.068		3.6		-0.0015		15.7		854.3						
16.699		-404.8		-2.110		2.3		0.0015		15.3		854.2						
16.797		-394.8		-2.167		4.8		0.0015		16.0		855.5						
16.895		-387.0		-2.194		3.6		-0.0015		15.7		849.1						
16.992		-377.8		-2.255		2.3		-0.0015		15.3		852.0						
17.090		-370.9		-2.289		3.6		0.0031		15.7		848.8						
17.188		-360.4		-2.324		6.1		0.0000		16.4		837.8						
17.285		-354.8		-2.350		3.6		-0.0031		15.7		833.6						
17.383		-345.7		-2.390		-1.5		0.0000		14.3		825.9						
17.480		-335.2		-2.431		4.8		0.0000		16.0		815.1						
17.578		-328.3		-2.457		3.6		-0.0015		15.7		806.4						
17.676		-320.0		-2.494		3.6		-0.0031		15.7		798.2						
17.773		-310.0		-2.511		2.3		0.0000		15.3		778.5						
17.871		-301.3		-2.541		4.8		0.0015		16.0		765.5						
17.969		-290.9		-2.557		6.1		0.0000		16.4		743.9						
18.066		-282.6		-2.583		2.3		-0.0061		15.3		729.9						
18.164		-262.2		-2.597		-1.5		-0.0107		14.3		681.0						
18.262		-258.7		-2.629		-5.4		-0.0506		13.0		680.1						
18.359		-245.7		-2.660		-93.4		-0.0015		-10.2		653.5						
18.457		-232.6		-2.662		3.6		-0.0015		15.7		619.3						
18.555		-220.0		-2.658		4.8		-0.0015		16.0		584.8						
18.652		-200.9		-2.646		3.6		0.0000		15.7		531.4						
18.750		-190.0		-2.658		3.6		-0.0015		15.7		505.1						
18.848		-174.3		-2.671		4.8		0.0000		16.0		465.7						
18.945		-160.9		-2.652		3.6		-0.0015		15.7		426.6						
19.043		-146.1		-2.629		2.3		-0.0015		15.3		384.0						
19.141		-132.6		-2.618		3.6		0.0031		15.7		347.2						
19.238		-118.7		-2.591		4.8		0.0000		16.0		307.5						
19.336		-107.8		-2.583		4.8		0.0000		16.0		278.5						
19.434		-92.6		-2.557		-0.3		-0.0015		14.6		236.8						
19.531		-81.3		-2.539		2.3		0.0000		15.3		206.4						
19.629		-63.0		-2.511		4.8		0.0000		16.0		158.3						
19.727		-46.1		-2.488		3.6		-0.0031		15.7		114.7						
19.824		-31.7		-2.459		1.0		-0.0015		15.0		78.0						
19.922		-17.0		-2.436		3.6		0.0000		15.7		41.3						
20.020		2.6		-2.381		3.6		-0.0015		15.7		-6.2						
20.117		20.0		-2.337		2.3		-0.0046		15.3		-46.7						
20.215		37.4		-2.320		-0.3		0.0000		14.7		-86.8						
20.313		56.5		-2.270		3.6		-0.0046		15.7		-128.3						
20.410		75.2		-2.207		-51.3		-0.0015		1.0		-166.0						
20.508		89.1		-2.171		1.0		-0.0015		15.0		-193.5						
20.605		105.7		-2.100		2.3		-0.0015		15.3		-221.8						
20.703		121.3		-2.068		3.6		-0.0015		15.7		-250.9						
20.801		133.5		-2.012		2.3		0.0000		15.3		-268.5						
20.898		154.8		-1.959		3.6		0.0000		15.7		-303.2						
20.996		164.8		-1.898		2.3		-0.0015		15.3		-312.8						
21.094		180.4		-1.839		-0.3		-0.0031		14.6		-331.9						
21.191		189.1		-1.791		2.3		0.0015		15.3		-338.7						
21.289		200.9		-1.734		4.8		0.0000		16.0		-348.4						
21.387		217.0		-1.661		2.3		-0.0169		15.2		-360.3						
21.484		229.6		-1.625		-1.5		-0.0031		14.3		-373.1						
21.582		238.7		-1.556		2.3		-0.0015		15.3		-371.4						
21.680		249.6		-1.510		2.3		-0.0031		15.3		-376.8						
21.777		261.7		-1.440		1.0		-0.0031		15.0		-377.0						
21.875		271.7		-1.380		1.0		-0.0031		15.0		-374.9						
21.973		283.5		-1.321		3.6		0.0015		15.7		-374.4						
22.070		296.5		-1.260		4.8		-0.0015		16.0		-373.6						
22.168		302.2		-1.203		2.3		-0.0046		15.3		-363.6						
22.266		314.3		-1.146		-1.5		-0.0031		14.3		-360.4						
22.363		324.8		-1.071		3.6		-0.0015		15.7		-347.8						
22.461		332.6		-1.008		-25.8		-0.0031		7.8		-335.2						
22.559		342.2		-0.913		2.3		-0.0031		15.3		-312.5						
22.656		351.7		-0.842		2.3		-0.0031		15.3		-296.2						
22.754		357.8		-0.781		1.0		-0.0061		15.0		-279.5						
22.852		370.4		-0.710		2.3		-0.0015		15.3		-262.9						
22.949		376.1		-0.632		3.6		-0.0031		15.7		-237.7						
23.047		384.8		-0.548		2.3		-0.0046		15.3		-210.9						
23.145		395.2		-0.479		1.0		-0.0046		15.0		-189.2						
23.242		404.8		-0.391		1.0		0.0000		15.0		-158.1						
23.340		411.7		-0.307		4.8		0.0000		16.0		-126.2						
23.438		417.4		-0.214		4.8		-0.0153		15.9		-89.4						
23.535		427.4		-0.128		-0.3		-0.0031		14.6		-54.7						
23.633		438.7		-0.044		3.6		-0.0031		15.7		-19.3						
23.730		450.0		0.031		2.3		0.0000		15.3		14.2						
23.828		457.0		0.126		2.3		-0.0015		15.3		57.6						
23.926		466.1		0.223		2.3		-0.0015		15.3		103.7						
24.023		470.4		0.292		3.6		0.0015		15.7		137.3						
24.121		472.6		0.386		4.8		0.0000		16.0		182.6						
24.219		480.0		0.470		1.0		-0.0046		15.0		225.8						
24.316		487.0		0.542		-0.3		-0.0015		14.6		263.8						
24.414		491.7		0.636		3.6		0.0000		15.7		312.9						
24.512		492.6		0.708		-16.9		-0.0015		10.2		348.6						
24.609		493.5		0.808		1.0		0.0000		15.0		398.9						
24.707		495.7		0.897		3.6		-0.0015		15.7		444.4						
24.805		492.6		0.968		2.3		-0.0046		15.3		476.8						
24.902		492.6		1.025		2.3		0.0000		15.3		504.8						
25.000		495.7		1.094		2.3		0.0000		15.3		542.2						
25.098		491.7		1.144		3.6		-0.0015		15.7		562.7						
25.195		491.3		1.222		1.0		-0.0015		15.0		600.4						
25.293		488.3		1.272		1.0		0.0031		15.0		621.3						
25.391		487.4		1.348		3.6		0.0015		15.7		657.0						
25.488		486.1		1.415		2.3		-0.0123		15.3		687.9						
25.586		481.3		1.487		1.0		-0.0015		15.0		715.5						
25.684		476.5		1.537		1.0		-0.0015		15.0		732.4						
25.781		470.4		1.596		2.3		0.0000		15.3		750.7						
25.879		466.5		1.680		2.3		-0.0015		15.3		783.7						
25.977		458.3		1.732		-0.3		-0.0015		14.6		793.8						
26.074		455.2		1.785		1.0		0.0000		15.0		812.5						
26.172		446.1		1.846		3.6		0.0000		15.7		823.3						
26.270		440.0		1.902		2.3		-0.0046		15.3		837.0						
26.367		432.6		1.932		-2.8		-0.0092		13.9		835.7						
26.465		421.3		1.993		-4.1		-0.0307		13.5		839.5						
26.563		416.1		2.043		-38.6		0.0046		4.4		850.1						
26.660		411.3		2.108		2.3		0.0031		15.4		867.1						
26.758		400.9		2.138		1.0		0.0061		15.0		856.9						
26.855		393.5		2.180		2.3		0.0015		15.3		857.6						
26.953		383.9		2.219		2.3		0.0015		15.3		852.1						
27.051		374.8		2.268		2.3		0.0046		15.4		849.9						
27.148		366.5		2.282		2.3		0.0031		15.4		836.6						
27.246		358.3		2.324		1.0		0.0031		15.0		832.7						
27.344		350.4		2.377		1.0		0.0046		15.0		832.9						
27.441		340.9		2.392		4.8		0.0061		16.1		815.2						
27.539		330.9		2.436		3.6		0.0000		15.7		805.9						
27.637		326.1		2.463		2.3		0.0046		15.4		803.1						
27.734		316.5		2.503		2.3		0.0046		15.4		792.2						
27.832		308.3		2.522		3.6		0.0046		15.7		777.4						
27.930		298.7		2.557		2.3		0.0015		15.3		763.9						
28.027		286.1		2.585		1.0		0.0031		15.0		739.5						
28.125		276.5		2.604		2.3		0.0046		15.4		720.0						
28.223		266.5		2.637		3.6		0.0046		15.7		702.9						
28.320		251.3		2.631		2.3		-0.0015		15.3		661.2						
28.418		242.2		2.652		-1.5		-0.0046		14.3		642.2						
28.516		226.1		2.660		-5.4		-0.0307		13.1		601.5						
28.613		212.6		2.654		-29.6		0.0046		6.8		564.3						
28.711		199.1		2.660		2.3		0.0046		15.4		529.8						
28.809		184.8		2.667		2.3		0.0046		15.4		492.8						
28.906		171.3		2.652		2.3		0.0015		15.3		454.3						
29.004		156.5		2.631		-0.3		0.0031		14.7		411.8						
29.102		140.9		2.620		2.3		0.0046		15.4		369.1						
29.199		128.3		2.608		2.3		0.0031		15.4		334.5						
29.297		112.2		2.589		1.0		0.0031		15.0		290.4						
29.395		99.6		2.576		-0.3		0.0061		14.7		256.5						
29.492		88.3		2.543		3.6		0.0061		15.7		224.4						
29.590		71.3		2.530		2.3		0.0000		15.3		180.4						
29.688		57.4		2.509		2.3		0.0077		15.4		144.0						
29.785		40.0		2.469		1.0		0.0031		15.0		98.8						
29.883		26.5		2.438		2.3		0.0046		15.4		64.7						
29.980		8.7		2.413		1.0		0.0015		15.0		21.0						
30.078		-8.7		2.369		1.0		0.0031		15.0		-20.6						
30.176		-24.8		2.320		2.3		0.0061		15.4		-57.5						
30.273		-45.2		2.295		3.6		0.0046		15.7		-103.8						
30.371		-61.3		2.234		1.0		0.0015		15.0		-137.0						
30.469		-77.0		2.194		-1.5		0.0031		14.3		-168.9						
30.566		-97.0		2.175		-0.3		0.0015		14.7		-210.9						
30.664		-110.0		2.096		-9.2		0.0031		12.3		-230.5						
30.762		-125.7		2.051		1.0		0.0031		15.0		-257.8						
30.859		-142.6		1.997		2.3		0.0046		15.4		-284.8						
30.957		-153.5		1.938		2.3		0.0031		15.4		-297.4						
31.055		-170.4		1.873		1.0		0.0031		15.0		-319.2						
31.152		-183.0		1.818		2.3		0.0046		15.4		-332.8						
31.250		-193.9		1.762		-0.3		0.0031		14.7		-341.6						
31.348		-209.1		1.703		1.0		0.0046		15.0		-356.1						
31.445		-221.3		1.644		1.0		0.0061		15.0		-363.8						
31.543		-233.0		1.579		2.3		0.0061		15.4		-368.0						
31.641		-244.8		1.529		2.3		0.0015		15.3		-374.2						
31.738		-255.7		1.468		1.0		-0.0015		15.0		-375.2						
31.836		-265.7		1.407		1.0		0.0046		15.0		-373.7						
31.934		-274.8		1.369		1.0		0.0031		15.0		-376.2						
32.031		-290.0		1.317		-0.3		0.0015		14.7		-381.8						
32.129		-300.9		1.247		-0.3		0.0031		14.7		-375.3						
32.227		-306.5		1.176		2.3		0.0061		15.4		-360.4						
32.324		-317.0		1.115		3.6		0.0046		15.7		-353.4						
32.422		-325.7		1.041		2.3		0.0000		15.3		-339.2						
32.520		-334.8		0.966		-1.5		0.0031		14.3		-323.4						
32.617		-342.2		0.962		1.0		0.0031		15.0		-329.1						
32.715		-356.5		0.821		1.0		0.0046		15.0		-292.7						
32.813		-363.5		0.743		2.3		0.0061		15.4		-270.2						
32.910		-371.7		0.672		1.0		0.0046		15.0		-249.8						
33.008		-380.4		0.577		2.3		0.0046		15.4		-219.7						
33.105		-388.7		0.498		-0.3		0.0046		14.7		-193.4						
33.203		-397.0		0.418		2.3		0.0061		15.4		-165.9						
33.301		-406.1		0.351		1.0		0.0046		15.0		-142.4						
33.398		-414.3		0.273		-1.5		0.0031		14.3		-113.1						
33.496		-425.2		0.176		-0.3		0.0077		14.7		-75.0						
33.594		-435.7		0.097		3.6		0.0092		15.7		-42.1						
33.691		-445.2		0.013		2.3		0.0031		15.4		-5.6						
33.789		-450.0		-0.073		1.0		0.0000		15.0		33.1						
33.887		-457.4		-0.160		-0.3		0.0015		14.7		73.0						
33.984		-463.5		-0.252		1.0		0.0015		15.0		116.8						
34.082		-473.5		-0.325		2.3		0.0015		15.3		154.1						
34.180		-477.8		-0.422		-0.3		0.0015		14.7		201.7						
34.277		-486.5		-0.510		1.0		0.0031		15.0		248.2						
34.375		-490.0		-0.596		2.3		0.0015		15.3		292.2						
34.473		-492.2		-0.674		2.3		0.0000		15.3		331.7						
34.570		-491.3		-0.762		-1.5		0.0000		14.3		374.5						
34.668		-492.2		-0.838		-6.7		-0.0153		12.9		412.3						
34.766		-492.2		-0.920		-34.7		0.0031		5.5		452.6						
34.863		-492.2		-1.002		2.3		0.0031		15.4		492.9						
34.961		-492.2		-1.065		2.3		0.0031		15.4		524.0						
35.059		-492.2		-1.132		-0.3		0.0015		14.7		557.0						
35.156		-489.6		-1.212		-0.3		0.0031		14.7		593.1						
35.254		-491.3		-1.268		1.0		0.0031		15.0		623.1						
35.352		-488.3		-1.314		2.3		0.0046		15.4		641.8						
35.449		-487.4		-1.380		1.0		0.0015		15.0		672.4						
35.547		-484.3		-1.438		1.0		0.0046		15.0		696.6						
35.645		-478.7		-1.508		4.8		0.0077		16.1		721.7						
35.742		-471.3		-1.569		3.6		0.0000		15.7		739.2						
35.840		-470.9		-1.638		-10.5		0.0015		11.9		771.2						
35.938		-467.4		-1.694		1.0		0.0031		15.0		792.0						
36.035		-457.4		-1.747		3.6		0.0046		15.7		799.1						
36.133		-450.0		-1.797		1.0		0.0031		15.0		808.8						
36.230		-445.2		-1.856		1.0		0.0015		15.0		826.4						
36.328		-442.2		-1.898		1.0		0.0046		15.0		839.3						
36.426		-429.6		-1.965		4.8		0.0046		16.1		844.2						
36.523		-420.9		-1.997		2.3		-0.0046		15.3		840.4						
36.621		-414.3		-2.045		-1.5		-0.0061		14.3		847.4						
36.719		-407.4		-2.112		-5.4		-0.0230		13.2		860.5						
36.816		-399.1		-2.140		-22.0		0.0031		8.9		854.0						
36.914		-389.1		-2.194		2.3		0.0031		15.4		853.8						
37.012		-380.0		-2.230		2.3		0.0015		15.3		847.4						
37.109		-372.6		-2.274		2.3		0.0015		15.3		847.3						
37.207		-364.8		-2.299		2.3		0.0031		15.4		838.7						
37.305		-355.7		-2.320		2.3		0.0046		15.4		825.2						
37.402		-348.7		-2.383		2.3		0.0015		15.3		831.0						
37.500		-338.7		-2.396		2.3		0.0000		15.3		811.4						
37.598		-329.1		-2.434		1.0		0.0046		15.0		801.0						
37.695		-322.2		-2.473		3.6		0.0061		15.7		796.9						
37.793		-313.5		-2.492		3.6		0.0015		15.7		781.3						
37.891		-304.8		-2.524		-4.1		0.0000		13.6		769.2						
37.988		-292.2		-2.564		2.3		0.0031		15.4		749.1						
38.086		-284.3		-2.578		2.3		0.0031		15.4		733.2						
38.184		-274.3		-2.602		2.3		0.0015		15.3		713.7						
38.281		-259.6		-2.637		3.6		0.0046		15.7		684.5						
38.379		-249.6		-2.629		3.6		0.0061		15.7		656.1						
38.477		-233.9		-2.646		4.8		0.0031		16.0		618.9						
38.574		-222.2		-2.650		6.1		-0.0015		16.4		588.7						
38.672		-206.5		-2.656		-1.5		-0.0061		14.3		548.6						
38.770		-192.6		-2.656		-4.1		-0.0215		13.5		511.6						
38.867		-180.0		-2.669		-22.0		0.0015		8.9		480.4						
38.965		-164.8		-2.644		3.6		0.0015		15.7		435.6						
39.063		-151.3		-2.631		2.3		0.0031		15.4		398.1						
39.160		-136.1		-2.610		1.0		0.0015		15.0		355.2						
39.258		-120.9		-2.616		1.0		0.0031		15.0		316.2						
39.355		-112.2		-2.570		1.0		0.0046		15.0		288.3						
39.453		-99.1		-2.581		1.0		0.0015		15.0		255.8						
39.551		-87.0		-2.547		1.0		0.0015		15.0		221.5						
39.648		-73.0		-2.509		-0.3		0.0031		14.7		183.3						
39.746		-52.2		-2.503		2.3		0.0046		15.4		130.6						
39.844		-37.4		-2.469		4.8		0.0000		16.0		92.3						
39.941		-17.8		-2.440		-2.8		-0.0015		14.0		43.5						
40.039		-0.9		-2.396		1.0		0.0031		15.0		2.1						
40.137		16.5		-2.371		2.3		0.0031		15.4		-39.2						
40.234		33.9		-2.316		1.0		0.0000		15.0		-78.5						
40.332		49.6		-2.282		-0.3		0.0000		14.7		-113.1						
40.430		67.0		-2.224		-0.3		0.0015		14.7		-148.9						
40.527		84.3		-2.198		2.3		0.0046		15.4		-185.4						
40.625		99.6		-2.121		2.3		0.0000		15.3		-211.2						
40.723		116.5		-2.083		-1.5		-0.0015		14.3		-242.7						
40.820		133.9		-2.037		1.0		0.0046		15.0		-272.7						
40.918		143.9		-1.986		2.3		0.0015		15.3		-285.9						
41.016		161.7		-1.932		-0.3		0.0031		14.7		-312.4						
41.113		173.5		-1.862		1.0		0.0015		15.0		-323.1						
41.211		185.7		-1.810		1.0		0.0031		15.0		-336.0						
41.309		199.6		-1.743		1.0		0.0015		15.0		-347.8						
41.406		212.6		-1.682		2.3		0.0031		15.4		-357.6						
41.504		226.5		-1.640		2.3		0.0000		15.3		-371.5						
41.602		238.3		-1.577		-1.5		0.0000		14.3		-375.7						
41.699		245.7		-1.512		-0.3		0.0031		14.7		-371.4						
41.797		258.3		-1.459		2.3		0.0031		15.4		-376.9						
41.895		268.3		-1.415		2.3		0.0000		15.3		-379.6						
41.992		285.2		-1.346		-0.3		-0.0015		14.6		-383.9						
42.090		294.8		-1.298		1.0		0.0000		15.0		-382.5						
42.188		304.3		-1.228		2.3		0.0015		15.3		-373.8						
42.285		310.9		-1.155		1.0		0.0015		15.0		-359.0						
42.383		317.4		-1.098		-0.3		0.0000		14.7		-348.5						
42.480		327.8		-1.010		-0.3		0.0015		14.7		-331.1						
42.578		337.8		-0.955		2.3		0.0015		15.3		-322.8						
42.676		345.2		-0.873		2.3		-0.0031		15.3		-301.5						
42.773		356.1		-0.792		-0.3		-0.0046		14.6		-281.9						
42.871		366.1		-0.722		1.0		0.0015		15.0		-264.4						
42.969		375.2		-0.643		-2.8		0.0000		14.0		-241.1						
43.066		384.8		-0.580		2.3		0.0000		15.3		-223.0						
43.164		393.9		-0.500		1.0		-0.0015		15.0		-196.9						
43.262		400.4		-0.424		1.0		-0.0015		15.0		-169.8						
43.359		409.1		-0.330		1.0		0.0015		15.0		-134.9						
43.457		418.3		-0.260		1.0		0.0015		15.0		-108.9						
43.555		428.3		-0.160		2.3		0.0015		15.3		-68.3						
43.652		435.2		-0.084		-0.3		-0.0015		14.6		-36.6						
43.750		443.9		0.000		-0.3		0.0046		14.7		0.0						
43.848		453.5		0.080		2.3		0.0077		15.4		36.2						
43.945		459.1		0.170		3.6		0.0031		15.7		78.1						
44.043		469.6		0.273		-0.3		-0.0015		14.6		128.2						
44.141		475.7		0.355		-9.2		0.0046		12.3		168.8						
44.238		479.6		0.443		2.3		0.0046		15.4		212.5						
44.336		488.7		0.529		2.3		0.0015		15.3		258.6						
44.434		491.3		0.603		-0.3		0.0015		14.7		296.1						
44.531		493.5		0.693		1.0		0.0046		15.0		341.9						
44.629		493.5		0.781		3.6		0.0061		15.7		385.5						
44.727		492.2		0.859		2.3		0.0015		15.3		422.7						
44.824		491.7		0.932		-0.3		0.0000		14.7		458.4						
44.922		491.3		1.006		-1.5		-0.0031		14.3		494.1						
45.020		493.0		1.073		-23.2		0.0061		8.5		529.0						
45.117		492.2		1.132		2.3		0.0031		15.4		557.0						
45.215		491.7		1.203		3.6		0.0031		15.7		591.6						
45.313		488.3		1.266		2.3		0.0031		15.4		618.2						
45.410		486.1		1.306		1.0		0.0031		15.0		634.8						
45.508		483.5		1.386		1.0		0.0046		15.0		670.0						
45.605		480.9		1.449		1.0		0.0031		15.0		696.7						
45.703		476.5		1.497		1.0		0.0015		15.0		713.4						
45.801		474.3		1.583		-0.3		0.0031		14.7		751.0						
45.898		469.6		1.665		3.6		0.0061		15.7		781.9						
45.996		460.9		1.711		4.8		0.0046		16.1		788.7						
46.094		457.0		1.768		-0.3		-0.0015		14.6		807.9						
46.191		448.7		1.812		-10.5		0.0031		11.9		813.1						
46.289		442.2		1.869		2.3		0.0046		15.4		826.3						
46.387		435.7		1.928		2.3		0.0015		15.3		839.7						
46.484		426.1		1.972		2.3		0.0031		15.4		840.1						
46.582		421.7		2.030		2.3		0.0046		15.4		856.3						
46.680		413.5		2.077		2.3		0.0046		15.4		858.6						
46.777		404.8		2.125		3.6		0.0015		15.7		860.1						
46.875		395.7		2.156		1.0		-0.0046		15.0		853.2						
46.973		386.5		2.222		-2.8		-0.0123		13.9		858.7						
47.070		380.4		2.257		-14.3		0.0000		10.9		858.7						
47.168		367.0		2.280		2.3		0.0046		15.4		836.8						
47.266		361.3		2.308		2.3		0.0031		15.4		833.8						
47.363		353.5		2.360		1.0		0.0031		15.0		834.2						
47.461		342.6		2.396		2.3		0.0031		15.4		820.8						
47.559		336.1		2.421		3.6		0.0061		15.7		813.7						
47.656		327.0		2.461		3.6		0.0046		15.7		804.6						
47.754		321.7		2.490		2.3		0.0031		15.4		801.2						
47.852		311.7		2.524		1.0		0.0046		15.0		786.8						
47.949		301.7		2.543		3.6		0.0061		15.7		767.3						
48.047		287.4		2.572		4.8		0.0031		16.0		739.2						
48.145		278.7		2.595		-0.3		-0.0015		14.6		723.3						
48.242		269.6		2.616		1.0		0.0031		15.0		705.3						
48.340		255.7		2.633		1.0		0.0031		15.0		673.2						
48.438		245.7		2.625		3.6		0.0015		15.7		644.8						
48.535		232.6		2.667		1.0		0.0015		15.0		620.3						
48.633		216.1		2.665		1.0		0.0031		15.0		575.8						
48.730		203.5		2.677		3.6		0.0046		15.7		544.7						
48.828		190.4		2.660		4.8		0.0015		16.0		506.6						
48.926		173.9		2.654		-0.3		-0.0061		14.6		461.6						
49.023		159.6		2.637		-1.5		-0.0107		14.3		420.8						
49.121		143.9		2.639		-11.8		-0.0215		11.5		379.8						
49.219		133.0		2.625		1.0		0.0031		15.0		349.2						
49.316		116.1		2.599		1.0		0.0046		15.0		301.8						
49.414		106.1		2.587		2.3		0.0031		15.4		274.4						
49.512		92.2		2.570		2.3		0.0031		15.4		236.9						
49.609		80.9		2.547		1.0		0.0031		15.0		206.0						
49.707		63.0		2.518		1.0		0.0031		15.0		158.7						
49.805		50.4		2.480		1.0		0.0000		15.0		125.1						
49.902		28.7		2.465		-1.5		0.0046		14.3		70.7						
